position	positive	negative
1	0	-0.166666666666667
2	0	-0.333333333333333
3	0	-0.5
4	0	-0.666666666666667
5	0	-0.833333333333333
6	0	-1
7	0	-1
8	0	-1
9	0	-1
10	0	-1
11	0	-1
12	0	-1
13	0	-1
14	0	-1
15	0	-1
16	0	-1
17	0	-1
18	0	-1
19	0	-1
20	0	-1
21	0	-1
22	0	-1
23	0	-1
24	0	-1
25	0	-1
26	0	-1
27	0	-1
28	0	-1
29	0	-1
30	0	-1
31	0	-1
32	0	-1
33	0	-1
34	0	-1
35	0	-1
36	0	-1
37	0	-1
38	0	-1
39	0	-1
40	0	-1
41	0	-1
42	0	-1
43	0	-1
44	0	-1
45	0	-1
46	0	-1
47	0	-1
48	0	-1
49	0	-1
50	0	-1
51	0	-1
52	0	-1
53	0	-1
54	0	-1
55	0	-1
56	0	-1
57	0	-1
58	0	-1
59	0	-1
60	0	-1
61	0	-1
62	0	-1
63	0	-1
64	0	-1
65	0	-1
66	0	-1
67	0	-1
68	0	-1
69	0	-1
70	0	-1
71	0	-1
72	0	-1
73	0	-1
74	0	-1
75	0	-1
76	0	-1
77	0	-1
78	0	-1
79	0	-1
80	0	-1
81	0	-1
82	0	-1
83	0	-1
84	0	-1
85	0	-1
86	0	-1
87	0	-1
88	0	-1
89	0	-1
90	0	-1
91	0	-1
92	0	-1
93	0	-0.666666666666667
94	0	-0.333333333333333
95	0	0
96	0.333333333333333	0
97	0.666666666666667	0
98	1	0
99	1	0
100	1	0
101	1	0
102	1	0
103	1	0
104	1	0
105	1	0
106	1	0
107	1	0
108	1	0
109	1	0
110	1	0
111	1	0
112	1	0
113	1	0
114	1	0
115	1	0
116	1	0
117	1	0
118	1	0
119	1	0
120	1	0
121	1	0
122	1	0
123	1	0
124	1	0
125	1	0
126	1	0
127	1	0
128	1	0
129	1	0
130	1	0
131	1	0
132	1	0
133	1	0
134	1	0
135	1	0
136	1	0
137	1	0
138	1	0
139	1	0
140	1	0
141	1	0
142	1	0
143	1	0
144	1	0
145	1	0
146	1	0
147	1	0
148	1	0
149	1	0
150	1	0
151	1	0
152	1	0
153	1	0
154	1	0
155	1	0
156	1	0
157	1	0
158	1	0
159	1	0
160	1	0
161	1	0
162	1	0
163	1	0
164	1	0
165	1	0
166	1	0
167	1	0
168	1	0
169	1	0
170	1	0
171	1	0
172	1	0
173	1	0
174	1	0
175	1	0
176	1	0
177	1	0
178	1	0
179	1	0
180	1	0
181	1	0
182	1	0
183	1	0
184	1	0
185	1	0
186	1	0
187	1	0
188	1	0
189	1	0
190	1	0
191	1	0
192	1	0
193	1	0
194	1	0
195	1	0
196	1	0
197	1	0
198	1	0
199	1	0
200	1	0
201	1	0
202	1	0
203	1	0
204	1	0
205	1	0
206	1	0
207	1	0
208	1	0
209	1	0
210	1	0
211	1	0
212	1	0
213	1	0
214	1	0
215	1	0
216	1	0
217	1	0
218	1	0
219	1	0
220	1	0
221	1	0
222	1	0
223	1	0
224	1	0
225	1	0
226	1	0
227	1	0
228	1	0
229	1	0
230	1	0
231	1	0
232	1	0
233	1	0
234	1	0
235	1	0
236	1	0
237	1	0
238	1	0
239	1	0
240	1	0
241	1	0
242	1	0
243	1	0
244	1	0
245	1	0
246	1	0
247	1	0
248	1	0
249	1	0
250	1	0
251	1	0
252	1	0
253	1	0
254	1	0
255	1	0
256	1	0
257	1	0
258	1	0
259	1	0
260	1	0
261	1	0
262	1	0
263	1	0
264	1	0
265	1	0
266	1	0
267	1	0
268	1	0
269	1	0
270	1	0
271	1	0
272	1	0
273	1	0
274	1	0
275	1	0
276	1	0
277	1	0
278	1	0
279	1	0
280	1	0
281	1	0
282	1	0
283	1	0
284	1	0
285	1	0
286	1	0
287	1	0
288	1	0
289	1	0
290	1	0
291	1	0
292	1	0
293	1	0
294	1	0
295	1	0
296	1	0
297	1	0
298	1	0
299	1	0
300	1	0
301	1	0
302	1	0
303	1	0
304	1	0
305	1	0
306	1	0
307	1	0
308	1	0
309	1	0
310	1	0
311	1	0
312	1	0
313	0.666666666666667	0
314	0.333333333333333	0
315	0	0
316	0	-0.333333333333333
317	0	-0.666666666666667
318	0	-0.666666666666667
319	0	-1
320	0	-1
321	0	-1
322	0	-1
323	0	-1
324	0	-1
325	0	-1
326	0	-1
327	0	-0.666666666666667
328	0	-0.333333333333333
329	0	0
330	0.333333333333333	0
331	0.666666666666667	0
332	1	0
333	1	0
334	1	0
335	1	0
336	1	0
337	1	0
338	1	0
339	1	0
340	1	0
341	1	0
342	1	0
343	1	0
344	1	0
345	1	0
346	1	0
347	1	0
348	1	0
349	0.666666666666667	0
350	0.666666666666667	0
351	0.333333333333333	0
352	0.333333333333333	0
353	0.333333333333333	0
354	0.166666666666667	0
355	0.5	0
356	0.666666666666667	0
357	1	0
358	1	0
359	1	0
360	1	0
361	1	0
362	1	0
363	1	0
364	1	0
365	1	0
366	1	0
367	1	0
368	1	0
369	1	0
370	1	0
371	1	0
372	1	0
373	1	0
374	1	0
375	1	0
376	1	0
377	1	0
378	1	0
379	1	0
380	1	0
381	1	0
382	1	0
383	1	0
384	1	0
385	1	0
386	1	0
387	1	0
388	1	0
389	1	0
390	1	0
391	1	0
392	1	0
393	1	0
394	1	0
395	1	0
396	1	0
397	1	0
398	1	0
399	1	0
400	1	0
401	1	0
402	1	0
403	1	0
404	1	0
405	1	0
406	1	0
407	1	0
408	1	0
409	1	0
410	1	0
411	1	0
412	1	0
413	1	0
414	1	0
415	1	0
416	1	0
417	1	0
418	1	0
419	1	0
420	1	0
421	1	0
422	1	0
423	1	0
424	1	0
425	1	0
426	1	0
427	1	0
428	1	0
429	1	0
430	1	0
431	1	0
432	1	0
433	1	0
434	1	0
435	1	0
436	1	0
437	1	0
438	1	0
439	1	0
440	1	0
441	1	0
442	1	0
443	1	0
444	1	0
445	1	0
446	0.666666666666667	0
447	0.333333333333333	0
448	0.333333333333333	0
449	0.333333333333333	0
450	0.333333333333333	0
451	0.666666666666667	0
452	0.666666666666667	0
453	1	0
454	1	0
455	1	0
456	1	0
457	1	0
458	1	0
459	1	0
460	1	0
461	1	0
462	1	0
463	1	0
464	1	0
465	1	0
466	1	0
467	1	0
468	1	0
469	1	0
470	1	0
471	1	0
472	1	0
473	1	0
474	1	0
475	1	0
476	1	0
477	1	0
478	1	0
479	1	0
480	1	0
481	1	0
482	1	0
483	1	0
484	1	0
485	1	0
486	1	0
487	1	0
488	1	0
489	1	0
490	1	0
491	1	0
492	1	0
493	1	0
494	1	0
495	1	0
496	1	0
497	1	0
498	1	0
499	1	0
500	1	0
501	1	0
502	1	0
503	1	0
504	1	0
505	1	0
506	1	0
507	1	0
508	1	0
509	1	0
510	1	0
511	1	0
512	1	0
513	1	0
514	1	0
515	1	0
516	1	0
517	1	0
518	1	0
519	1	0
520	1	0
521	1	0
522	1	0
523	1	0
524	1	0
525	1	0
526	1	0
527	1	0
528	1	0
529	1	0
530	1	0
531	1	0
532	1	0
533	1	0
534	1	0
535	1	0
536	1	0
537	1	0
538	1	0
539	1	0
540	1	0
541	1	0
542	1	0
543	1	0
544	1	0
545	1	0
546	1	0
547	1	0
548	1	0
549	1	0
550	1	0
551	1	0
552	1	0
553	1	0
554	1	0
555	1	0
556	1	0
557	1	0
558	1	0
559	1	0
560	1	0
561	1	0
562	1	0
563	1	0
564	1	0
565	1	0
566	1	0
567	1	0
568	1	0
569	1	0
570	1	0
571	1	0
572	1	0
573	1	0
574	1	0
575	1	0
576	1	0
577	1	0
578	1	0
579	1	0
580	1	0
581	1	0
582	1	0
583	1	0
584	1	0
585	1	0
586	1	0
587	1	0
588	1	0
589	1	0
590	1	0
591	1	0
592	1	0
593	1	0
594	1	0
595	1	0
596	1	0
597	1	0
598	1	0
599	1	0
600	1	0
601	1	0
602	1	0
603	1	0
604	1	0
605	1	0
606	1	0
607	1	0
608	1	0
609	1	0
610	1	0
611	1	0
612	1	0
613	1	0
614	1	0
615	1	0
616	1	0
617	1	0
618	1	0
619	1	0
620	1	0
621	1	0
622	1	0
623	1	0
624	1	0
625	1	0
626	1	0
627	1	0
628	1	0
629	1	0
630	1	0
631	1	0
632	1	0
633	1	0
634	1	0
635	1	0
636	1	0
637	1	0
638	1	0
639	1	0
640	1	0
641	1	0
642	1	0
643	1	0
644	1	0
645	1	0
646	1	0
647	1	0
648	1	0
649	1	0
650	1	0
651	1	0
652	1	0
653	1	0
654	1	0
655	1	0
656	1	0
657	1	0
658	1	0
659	1	0
660	1	0
661	1	0
662	0.666666666666667	0
663	0.333333333333333	0
664	0	0
665	0	-0.333333333333333
666	0	-0.666666666666667
667	0	-1
668	0	-1
669	0	-1
670	0	-1
671	0	-1
672	0	-1
673	0	-1
674	0	-1
675	0	-1
676	0	-1
677	0	-1
678	0	-1
679	0	-1
680	0	-1
681	0	-1
682	0	-1
683	0	-1
684	0	-1
685	0	-1
686	0	-1
687	0	-1
688	0	-1
689	0	-1
690	0	-1
691	0	-1
692	0	-1
693	0	-0.666666666666667
694	0	-0.333333333333333
695	0	0
696	0.333333333333333	0
697	0.666666666666667	0
698	1	0
699	1	0
700	1	0
701	1	0
702	1	0
703	1	0
704	1	0
705	1	0
706	1	0
707	0.666666666666667	0
708	0.666666666666667	0
709	0.666666666666667	0
710	0.666666666666667	0
711	0.666666666666667	0
712	1	0
713	1	0
714	1	0
715	1	0
716	1	0
717	1	0
718	1	0
719	1	0
720	1	0
721	1	0
722	1	0
723	1	0
724	1	0
725	1	0
726	1	0
727	1	0
728	1	0
729	1	0
730	1	0
731	1	0
732	1	0
733	0.666666666666667	0
734	0.333333333333333	0
735	0	0
736	0	-0.333333333333333
737	0	-0.333333333333333
738	0	-0.333333333333333
739	0	-0.333333333333333
740	0	0
741	0	0
742	0.333333333333333	0
743	0.666666666666667	0
744	0.666666666666667	0
745	1	0
746	1	0
747	1	0
748	1	0
749	1	0
750	1	0
751	1	0
752	0.666666666666667	0
753	0.333333333333333	0
754	0	0
755	0	-0.333333333333333
756	0	-0.666666666666667
757	0	-1
758	0	-0.833333333333333
759	0	-1
760	0	-1
761	0	-1
762	0	-1
763	0	-0.666666666666667
764	0	-0.333333333333333
765	0	0
766	0.333333333333333	0
767	0.666666666666667	0
768	1	0
769	1	0
770	1	0
771	1	0
772	1	0
773	1	0
774	1	0
775	1	0
776	1	0
777	1	0
778	0.833333333333333	0
779	0.833333333333333	0
780	0.833333333333333	0
781	0.833333333333333	0
782	0.833333333333333	0
783	0.833333333333333	0
784	1	0
785	1	0
786	1	0
787	1	0
788	1	0
789	0.666666666666667	0
790	0.333333333333333	0
791	0.166666666666667	0
792	0	-0.166666666666667
793	0	-0.333333333333333
794	0	-0.666666666666667
795	0	-1
796	0	-1
797	0	-1
798	0	-1
799	0	-1
800	0	-1
801	0	-1
802	0	-1
803	0	-1
804	0	-1
805	0	-1
806	0	-1
807	0	-1
808	0	-1
809	0	-1
810	0	-1
811	0	-1
812	0	-1
813	0	-1
814	0	-1
815	0	-1
816	0	-1
817	0	-1
818	0	-1
819	0	-1
820	0	-1
821	0	-1
822	0	-1
823	0	-1
824	0	-1
825	0	-1
826	0	-1
827	0	-1
828	0	-1
829	0	-1
830	0	-1
831	0	-1
832	0	-1
833	0	-1
834	0	-1
835	0	-1
836	0	-1
837	0	-1
838	0	-1
839	0	-1
840	0	-1
841	0	-1
842	0	-1
843	0	-1
844	0	-1
845	0	-1
846	0	-1
847	0	-1
848	0	-1
849	0	-1
850	0	-1
851	0	-1
852	0	-1
853	0	-1
854	0	-1
855	0	-1
856	0	-1
857	0	-1
858	0	-1
859	0	-1
860	0	-1
861	0	-1
862	0	-1
863	0	-1
864	0	-1
865	0	-1
866	0	-1
867	0	-1
868	0	-1
869	0	-1
870	0	-1
871	0	-1
872	0	-1
873	0	-1
874	0	-1
875	0	-1
876	0	-1
877	0	-1
878	0	-1
879	0	-1
880	0	-1
881	0	-1
882	0	-1
883	0	-1
884	0	-1
885	0	-1
886	0	-1
887	0	-1
888	0	-1
889	0	-1
890	0	-1
891	0	-1
892	0	-1
893	0	-1
894	0	-1
895	0	-1
896	0	-1
897	0	-1
898	0	-1
899	0	-1
900	0	-1
901	0	-1
902	0	-1
903	0	-1
904	0	-1
905	0	-1
906	0	-1
907	0	-1
908	0	-1
909	0	-1
910	0	-1
911	0	-1
912	0	-1
913	0	-1
914	0	-1
915	0	-1
916	0	-1
917	0	-1
918	0	-1
919	0	-1
920	0	-1
921	0	-1
922	0	-1
923	0	-1
924	0	-1
925	0	-1
926	0	-1
927	0	-1
928	0	-1
929	0	-1
930	0	-1
931	0	-1
932	0	-1
933	0	-1
934	0	-1
935	0	-1
936	0	-1
937	0	-1
938	0	-1
939	0	-1
940	0	-1
941	0	-1
942	0	-1
943	0	-1
944	0	-1
945	0	-1
946	0	-1
947	0	-1
948	0	-1
949	0	-1
950	0	-1
951	0	-1
952	0	-1
953	0	-1
954	0	-1
955	0	-1
956	0	-1
957	0	-1
958	0	-0.833333333333333
959	0	-0.666666666666667
960	0	-0.5
961	0	-0.333333333333333
962	0	-0.166666666666667
963	0	0
