position	positive	negative
1	0	-0.166666666666667
2	0	-0.333333333333333
3	0	-0.5
4	0	-0.666666666666667
5	0	-0.833333333333333
6	0	-1
7	0	-1
8	0	-1
9	0	-1
10	0	-1
11	0	-1
12	0	-1
13	0	-1
14	0	-1
15	0	-1
16	0	-1
17	0	-1
18	0	-1
19	0	-1
20	0	-1
21	0	-1
22	0	-1
23	0	-1
24	0	-1
25	0	-1
26	0	-1
27	0	-1
28	0	-1
29	0	-1
30	0	-1
31	0	-1
32	0	-1
33	0	-1
34	0	-1
35	0	-1
36	0	-1
37	0	-1
38	0	-1
39	0	-1
40	0	-1
41	0	-1
42	0	-1
43	0	-1
44	0	-1
45	0	-1
46	0	-1
47	0	-1
48	0	-1
49	0	-1
50	0	-1
51	0	-1
52	0	-1
53	0	-1
54	0	-1
55	0	-1
56	0	-1
57	0	-1
58	0	-1
59	0	-1
60	0	-1
61	0	-1
62	0	-1
63	0	-1
64	0	-1
65	0	-1
66	0	-0.666666666666667
67	0	-0.333333333333333
68	0	0
69	0	0
70	0.333333333333333	0
71	0.666666666666667	0
72	1	0
73	1	0
74	1	0
75	1	0
76	0.666666666666667	0
77	0.666666666666667	0
78	0.666666666666667	0
79	0.333333333333333	0
80	0.333333333333333	0
81	0.333333333333333	0
82	0.333333333333333	0
83	0.666666666666667	0
84	0.666666666666667	0
85	1	0
86	1	0
87	1	0
88	1	0
89	1	0
90	1	0
91	1	0
92	1	0
93	1	0
94	1	0
95	1	0
96	1	0
97	1	0
98	1	0
99	1	0
100	1	0
101	0.666666666666667	0
102	0.333333333333333	0
103	0	0
104	0	0
105	0	0
106	0	-0.333333333333333
107	0	0
108	0.333333333333333	0
109	0.333333333333333	0
110	0.333333333333333	0
111	0.666666666666667	0
112	0.666666666666667	0
113	0.333333333333333	0
114	0.333333333333333	0
115	0.333333333333333	0
116	0	0
117	0	-0.333333333333333
118	0	-0.666666666666667
119	0	-0.666666666666667
120	0	-1
121	0	-1
122	0	-1
123	0	-1
124	0	-1
125	0	-1
126	0	-1
127	0	-1
128	0	-1
129	0	-1
130	0	-1
131	0	-1
132	0	-1
133	0	-1
134	0	-1
135	0	-1
136	0	-1
137	0	-1
138	0	-1
139	0	-1
140	0	-1
141	0	-1
142	0	-1
143	0	-1
144	0	-1
145	0	-1
146	0	-1
147	0	-1
148	0	-1
149	0	-0.666666666666667
150	0	-0.666666666666667
151	0	-0.333333333333333
152	0	-0.333333333333333
153	0	0
154	0.333333333333333	0
155	0.333333333333333	0
156	0	0
157	0	0
158	0	-0.333333333333333
159	0	-0.333333333333333
160	0	-0.666666666666667
161	0	-0.333333333333333
162	0	-0.333333333333333
163	0	0
164	0	0
165	0	0
166	0	0
167	0	0
168	0.333333333333333	0
169	0.666666666666667	0
170	1	0
171	1	0
172	1	0
173	1	0
174	1	0
175	1	0
176	1	0
177	1	0
178	0.666666666666667	0
179	0.333333333333333	0
180	0.333333333333333	0
181	0.666666666666667	0
182	0.333333333333333	0
183	0.666666666666667	0
184	0.666666666666667	0
185	0.666666666666667	0
186	0.333333333333333	0
187	0.333333333333333	0
188	0	0
189	0	-0.333333333333333
190	0	-0.333333333333333
191	0	0
192	0	0
193	0	0
194	0.333333333333333	0
195	0.333333333333333	0
196	0.666666666666667	0
197	1	0
198	1	0
199	1	0
200	1	0
201	1	0
202	1	0
203	0.666666666666667	0
204	0.333333333333333	0
205	0.333333333333333	0
206	0	0
207	0	-0.333333333333333
208	0	-0.666666666666667
209	0	-1
210	0	-1
211	0	-1
212	0	-1
213	0	-1
214	0	-1
215	0	-1
216	0	-1
217	0	-1
218	0	-1
219	0	-1
220	0	-1
221	0	-0.666666666666667
222	0	-0.666666666666667
223	0	-0.333333333333333
224	0	0
225	0	0
226	0.333333333333333	0
227	0.333333333333333	0
228	0.333333333333333	0
229	0.666666666666667	0
230	1	0
231	1	0
232	0.666666666666667	0
233	1	0
234	1	0
235	1	0
236	0.666666666666667	0
237	0.666666666666667	0
238	0.333333333333333	0
239	0	0
240	0	-0.333333333333333
241	0	-0.666666666666667
242	0	-0.666666666666667
243	0	-0.666666666666667
244	0	-1
245	0	-0.666666666666667
246	0	-0.333333333333333
247	0	0
248	0.333333333333333	0
249	0.666666666666667	0
250	1	0
251	1	0
252	1	0
253	1	0
254	1	0
255	1	0
256	1	0
257	0.666666666666667	0
258	0.666666666666667	0
259	0.333333333333333	0
260	0	0
261	0.333333333333333	0
262	0.333333333333333	0
263	0.666666666666667	0
264	0.666666666666667	0
265	0.333333333333333	0
266	0	0
267	0	0
268	0	-0.333333333333333
269	0	-0.666666666666667
270	0	-1
271	0	-0.666666666666667
272	0	-0.666666666666667
273	0	-0.333333333333333
274	0	0
275	0	0
276	0.333333333333333	0
277	0.666666666666667	0
278	1	0
279	0.666666666666667	0
280	0.333333333333333	0
281	0.333333333333333	0
282	0	0
283	0	-0.333333333333333
284	0	-0.666666666666667
285	0	-0.666666666666667
286	0	-0.666666666666667
287	0	-1
288	0	-1
289	0	-1
290	0	-0.666666666666667
291	0	-0.333333333333333
292	0	0
293	0.333333333333333	0
294	0.666666666666667	0
295	0.666666666666667	0
296	0.666666666666667	0
297	1	0
298	1	0
299	1	0
300	1	0
301	1	0
302	1	0
303	1	0
304	1	0
305	1	0
306	1	0
307	1	0
308	1	0
309	1	0
310	1	0
311	1	0
312	1	0
313	1	0
314	1	0
315	1	0
316	1	0
317	1	0
318	1	0
319	1	0
320	1	0
321	1	0
322	1	0
323	1	0
324	1	0
325	1	0
326	1	0
327	1	0
328	1	0
329	1	0
330	1	0
331	1	0
332	1	0
333	1	0
334	1	0
335	1	0
336	1	0
337	1	0
338	1	0
339	1	0
340	1	0
341	1	0
342	1	0
343	1	0
344	0.666666666666667	0
345	0.666666666666667	0
346	0.666666666666667	0
347	0.666666666666667	0
348	0.666666666666667	0
349	0.666666666666667	0
350	0.666666666666667	0
351	0.666666666666667	0
352	0.333333333333333	0
353	0	0
354	0	-0.333333333333333
355	0	-0.666666666666667
356	0	-1
357	0	-1
358	0	-1
359	0	-1
360	0	-1
361	0	-1
362	0	-1
363	0	-1
364	0	-1
365	0	-1
366	0	-1
367	0	-1
368	0	-1
369	0	-1
370	0	-1
371	0	-1
372	0	-1
373	0	-1
374	0	-1
375	0	-1
376	0	-1
377	0	-1
378	0	-1
379	0	-1
380	0	-1
381	0	-1
382	0	-1
383	0	-1
384	0	-1
385	0	-1
386	0	-1
387	0	-1
388	0	-1
389	0	-0.833333333333333
390	0	-0.666666666666667
391	0	-0.5
392	0	-0.333333333333333
393	0	-0.166666666666667
394	0	0
