position	positive	negative
1	0	-0.166666666666667
2	0	-0.333333333333333
3	0	-0.5
4	0	-0.666666666666667
5	0	-0.833333333333333
6	0	-1
7	0	-1
8	0	-1
9	0	-1
10	0	-1
11	0	-1
12	0	-1
13	0	-1
14	0	-1
15	0	-1
16	0	-1
17	0	-1
18	0	-1
19	0	-1
20	0	-1
21	0	-1
22	0	-1
23	0	-1
24	0	-1
25	0	-1
26	0	-1
27	0	-1
28	0	-1
29	0	-1
30	0	-1
31	0	-1
32	0	-1
33	0	-1
34	0	-1
35	0	-1
36	0	-1
37	0	-1
38	0	-1
39	0	-1
40	0	-1
41	0	-1
42	0	-1
43	0	-1
44	0	-1
45	0	-1
46	0	-1
47	0	-1
48	0	-1
49	0	-1
50	0	-1
51	0	-1
52	0	-1
53	0	-1
54	0	-1
55	0	-1
56	0	-1
57	0	-1
58	0	-1
59	0	-1
60	0	-1
61	0	-1
62	0	-1
63	0	-1
64	0	-1
65	0	-1
66	0	-1
67	0	-1
68	0	-1
69	0	-1
70	0	-1
71	0	-1
72	0	-1
73	0	-1
74	0	-1
75	0	-1
76	0	-1
77	0	-1
78	0	-1
79	0	-1
80	0	-1
81	0	-1
82	0	-1
83	0	-1
84	0	-1
85	0	-1
86	0	-1
87	0	-1
88	0	-1
89	0	-1
90	0	-1
91	0	-1
92	0	-1
93	0	-1
94	0	-1
95	0	-1
96	0	-1
97	0	-1
98	0	-1
99	0	-1
100	0	-1
101	0	-1
102	0	-1
103	0	-1
104	0	-1
105	0	-1
106	0	-1
107	0	-1
108	0	-1
109	0	-1
110	0	-1
111	0	-1
112	0	-1
113	0	-1
114	0	-1
115	0	-1
116	0	-1
117	0	-1
118	0	-1
119	0	-1
120	0	-1
121	0	-1
122	0	-1
123	0	-1
124	0	-1
125	0	-1
126	0	-1
127	0	-1
128	0	-1
129	0	-1
130	0	-1
131	0	-1
132	0	-1
133	0	-1
134	0	-1
135	0	-1
136	0	-1
137	0	-1
138	0	-1
139	0	-1
140	0	-1
141	0	-1
142	0	-1
143	0	-1
144	0	-1
145	0	-1
146	0	-1
147	0	-1
148	0	-1
149	0	-1
150	0	-1
151	0	-1
152	0	-1
153	0	-1
154	0	-1
155	0	-1
156	0	-1
157	0	-1
158	0	-1
159	0	-1
160	0	-1
161	0	-1
162	0	-1
163	0	-1
164	0	-1
165	0	-1
166	0	-1
167	0	-1
168	0	-1
169	0	-1
170	0	-1
171	0	-1
172	0	-1
173	0	-1
174	0	-1
175	0	-1
176	0	-1
177	0	-1
178	0	-1
179	0	-1
180	0	-1
181	0	-1
182	0	-1
183	0	-1
184	0	-1
185	0	-1
186	0	-1
187	0	-1
188	0	-1
189	0	-1
190	0	-1
191	0	-1
192	0	-1
193	0	-1
194	0	-1
195	0	-1
196	0	-1
197	0	-1
198	0	-1
199	0	-1
200	0	-1
201	0	-1
202	0	-1
203	0	-1
204	0	-1
205	0	-1
206	0	-1
207	0	-1
208	0	-1
209	0	-1
210	0	-1
211	0	-1
212	0	-1
213	0	-1
214	0	-1
215	0	-1
216	0	-1
217	0	-1
218	0	-1
219	0	-1
220	0	-1
221	0	-1
222	0	-1
223	0	-1
224	0	-1
225	0	-1
226	0	-1
227	0	-1
228	0	-1
229	0	-1
230	0	-1
231	0	-1
232	0	-1
233	0	-1
234	0	-1
235	0	-1
236	0	-1
237	0	-1
238	0	-1
239	0	-1
240	0	-1
241	0	-1
242	0	-1
243	0	-1
244	0	-1
245	0	-1
246	0	-1
247	0	-1
248	0	-1
249	0	-1
250	0	-1
251	0	-1
252	0	-1
253	0	-1
254	0	-1
255	0	-1
256	0	-1
257	0	-1
258	0	-1
259	0	-1
260	0	-1
261	0	-1
262	0	-1
263	0	-1
264	0	-1
265	0	-1
266	0	-1
267	0	-1
268	0	-1
269	0	-1
270	0	-1
271	0	-1
272	0	-1
273	0	-1
274	0	-1
275	0	-1
276	0	-1
277	0	-1
278	0	-1
279	0	-1
280	0	-1
281	0	-1
282	0	-1
283	0	-1
284	0	-1
285	0	-1
286	0	-1
287	0	-1
288	0	-1
289	0	-1
290	0	-1
291	0	-1
292	0	-0.666666666666667
293	0	-0.666666666666667
294	0	-0.666666666666667
295	0	-0.333333333333333
296	0	-0.333333333333333
297	0	-0.333333333333333
298	0	-0.333333333333333
299	0	-0.333333333333333
300	0	-0.666666666666667
301	0	-0.666666666666667
302	0	-0.666666666666667
303	0	-0.666666666666667
304	0	-0.666666666666667
305	0	-0.333333333333333
306	0	0
307	0.333333333333333	0
308	0	0
309	0	-0.333333333333333
310	0	-0.666666666666667
311	0	-0.666666666666667
312	0	-0.666666666666667
313	0	-1
314	0	-0.666666666666667
315	0	-0.333333333333333
316	0	0
317	0.333333333333333	0
318	0.666666666666667	0
319	1	0
320	1	0
321	1	0
322	1	0
323	1	0
324	1	0
325	1	0
326	1	0
327	1	0
328	1	0
329	1	0
330	1	0
331	1	0
332	1	0
333	1	0
334	1	0
335	1	0
336	1	0
337	1	0
338	1	0
339	1	0
340	1	0
341	1	0
342	1	0
343	1	0
344	1	0
345	1	0
346	0.666666666666667	0
347	1	0
348	0.666666666666667	0
349	0.666666666666667	0
350	0.333333333333333	0
351	0.666666666666667	0
352	0.666666666666667	0
353	0.666666666666667	0
354	1	0
355	1	0
356	1	0
357	1	0
358	1	0
359	1	0
360	1	0
361	1	0
362	1	0
363	0.666666666666667	0
364	0.333333333333333	0
365	0	0
366	0	-0.333333333333333
367	0	-0.666666666666667
368	0	-1
369	0	-1
370	0	-1
371	0	-1
372	0	-1
373	0	-1
374	0	-1
375	0	-1
376	0	-0.666666666666667
377	0	-0.333333333333333
378	0	-0.333333333333333
379	0	-0.333333333333333
380	0	0
381	0	0
382	0	-0.333333333333333
383	0	-0.666666666666667
384	0	-1
385	0	-0.666666666666667
386	0	-0.666666666666667
387	0	-0.666666666666667
388	0	-0.333333333333333
389	0	0
390	0	0
391	0.333333333333333	0
392	0.666666666666667	0
393	0.666666666666667	0
394	1	0
395	1	0
396	1	0
397	1	0
398	1	0
399	1	0
400	1	0
401	1	0
402	1	0
403	1	0
404	1	0
405	1	0
406	1	0
407	1	0
408	1	0
409	1	0
410	1	0
411	1	0
412	1	0
413	1	0
414	1	0
415	1	0
416	1	0
417	1	0
418	1	0
419	1	0
420	1	0
421	1	0
422	1	0
423	1	0
424	1	0
425	1	0
426	1	0
427	1	0
428	1	0
429	1	0
430	1	0
431	1	0
432	1	0
433	1	0
434	1	0
435	1	0
436	1	0
437	1	0
438	1	0
439	1	0
440	1	0
441	1	0
442	1	0
443	1	0
444	1	0
445	1	0
446	1	0
447	1	0
448	1	0
449	1	0
450	1	0
451	1	0
452	1	0
453	1	0
454	1	0
455	1	0
456	1	0
457	1	0
458	1	0
459	1	0
460	1	0
461	1	0
462	1	0
463	1	0
464	1	0
465	1	0
466	1	0
467	1	0
468	1	0
469	1	0
470	1	0
471	1	0
472	1	0
473	1	0
474	1	0
475	1	0
476	1	0
477	1	0
478	1	0
479	1	0
480	1	0
481	1	0
482	1	0
483	1	0
484	1	0
485	1	0
486	1	0
487	1	0
488	1	0
489	1	0
490	1	0
491	1	0
492	1	0
493	1	0
494	1	0
495	1	0
496	1	0
497	1	0
498	1	0
499	1	0
500	1	0
501	1	0
502	1	0
503	1	0
504	1	0
505	1	0
506	1	0
507	1	0
508	1	0
509	0.666666666666667	0
510	0.333333333333333	0
511	0.666666666666667	0
512	0.333333333333333	0
513	0	0
514	0	0
515	0	-0.333333333333333
516	0	-0.666666666666667
517	0	-1
518	0	-1
519	0	-0.666666666666667
520	0	-0.666666666666667
521	0	-0.666666666666667
522	0	-0.333333333333333
523	0	-0.333333333333333
524	0	-0.333333333333333
525	0	-0.666666666666667
526	0	-0.666666666666667
527	0	-1
528	0	-1
529	0	-0.666666666666667
530	0	-0.666666666666667
531	0	-0.666666666666667
532	0	-0.333333333333333
533	0	0
534	0.333333333333333	0
535	0.666666666666667	0
536	1	0
537	1	0
538	1	0
539	1	0
540	1	0
541	1	0
542	1	0
543	1	0
544	1	0
545	1	0
546	1	0
547	0.666666666666667	0
548	0.666666666666667	0
549	0.333333333333333	0
550	0.333333333333333	0
551	0.333333333333333	0
552	0.333333333333333	0
553	0.333333333333333	0
554	0.666666666666667	0
555	0.666666666666667	0
556	0.333333333333333	0
557	0.333333333333333	0
558	0.333333333333333	0
559	0.333333333333333	0
560	0.333333333333333	0
561	0.333333333333333	0
562	0.333333333333333	0
563	0.333333333333333	0
564	0.333333333333333	0
565	0	0
566	0	0
567	0	0
568	0	0
569	0	0
570	0	0
571	0	0
572	0.333333333333333	0
573	0.666666666666667	0
574	1	0
575	1	0
576	1	0
577	1	0
578	0.666666666666667	0
579	0.333333333333333	0
580	0.333333333333333	0
581	0.333333333333333	0
582	0	0
583	0	-0.333333333333333
584	0	0
585	0.333333333333333	0
586	0.333333333333333	0
587	0.333333333333333	0
588	0.666666666666667	0
589	1	0
590	1	0
591	1	0
592	1	0
593	1	0
594	1	0
595	1	0
596	1	0
597	0.666666666666667	0
598	0.666666666666667	0
599	0.666666666666667	0
600	0.666666666666667	0
601	0.666666666666667	0
602	0.666666666666667	0
603	1	0
604	1	0
605	1	0
606	1	0
607	1	0
608	1	0
609	1	0
610	1	0
611	1	0
612	1	0
613	0.666666666666667	0
614	0.333333333333333	0
615	0	0
616	0	0
617	0	-0.333333333333333
618	0	-0.666666666666667
619	0	-0.333333333333333
620	0	-0.666666666666667
621	0	-0.666666666666667
622	0	-0.666666666666667
623	0	-0.333333333333333
624	0	-0.333333333333333
625	0	-0.666666666666667
626	0	-0.666666666666667
627	0	-0.666666666666667
628	0	-1
629	0	-1
630	0	-1
631	0	-1
632	0	-0.666666666666667
633	0	-0.333333333333333
634	0	0
635	0.333333333333333	0
636	0.666666666666667	0
637	1	0
638	0.666666666666667	0
639	0.333333333333333	0
640	0	0
641	0	0
642	0	-0.333333333333333
643	0	-0.666666666666667
644	0	-0.666666666666667
645	0	-0.666666666666667
646	0	-1
647	0	-1
648	0	-1
649	0	-1
650	0	-1
651	0	-1
652	0	-1
653	0	-1
654	0	-1
655	0	-1
656	0	-1
657	0	-1
658	0	-1
659	0	-1
660	0	-1
661	0	-1
662	0	-1
663	0	-1
664	0	-1
665	0	-1
666	0	-1
667	0	-1
668	0	-1
669	0	-1
670	0	-1
671	0	-1
672	0	-1
673	0	-1
674	0	-1
675	0	-1
676	0	-1
677	0	-1
678	0	-1
679	0	-1
680	0	-1
681	0	-1
682	0	-1
683	0	-1
684	0	-1
685	0	-1
686	0	-1
687	0	-1
688	0	-1
689	0	-1
690	0	-1
691	0	-1
692	0	-1
693	0	-1
694	0	-1
695	0	-1
696	0	-1
697	0	-1
698	0	-1
699	0	-1
700	0	-1
701	0	-1
702	0	-1
703	0	-1
704	0	-1
705	0	-1
706	0	-1
707	0	-1
708	0	-1
709	0	-1
710	0	-1
711	0	-1
712	0	-1
713	0	-1
714	0	-1
715	0	-1
716	0	-1
717	0	-1
718	0	-1
719	0	-1
720	0	-1
721	0	-1
722	0	-1
723	0	-0.833333333333333
724	0	-0.666666666666667
725	0	-0.5
726	0	-0.333333333333333
727	0	-0.166666666666667
728	0	0
