position	positive	negative
1	0	-0.166666666666667
2	0	-0.333333333333333
3	0	-0.5
4	0	-0.666666666666667
5	0	-0.833333333333333
6	0	-1
7	0	-1
8	0	-1
9	0	-1
10	0	-1
11	0	-1
12	0	-1
13	0	-1
14	0	-1
15	0	-1
16	0	-1
17	0	-1
18	0	-1
19	0	-1
20	0	-1
21	0	-1
22	0	-1
23	0	-1
24	0	-1
25	0	-1
26	0	-1
27	0	-1
28	0	-1
29	0	-1
30	0	-1
31	0	-1
32	0	-1
33	0	-1
34	0	-1
35	0	-1
36	0	-1
37	0	-1
38	0	-1
39	0	-1
40	0	-1
41	0	-1
42	0	-1
43	0	-1
44	0	-1
45	0	-1
46	0	-1
47	0	-1
48	0	-1
49	0	-1
50	0	-1
51	0	-1
52	0	-1
53	0	-1
54	0	-1
55	0	-1
56	0	-1
57	0	-1
58	0	-1
59	0	-1
60	0	-1
61	0	-1
62	0	-1
63	0	-1
64	0	-1
65	0	-1
66	0	-1
67	0	-1
68	0	-1
69	0	-1
70	0	-1
71	0	-1
72	0	-1
73	0	-1
74	0	-1
75	0	-1
76	0	-1
77	0	-1
78	0	-1
79	0	-1
80	0	-1
81	0	-1
82	0	-1
83	0	-1
84	0	-1
85	0	-1
86	0	-1
87	0	-1
88	0	-1
89	0	-1
90	0	-1
91	0	-1
92	0	-1
93	0	-1
94	0	-1
95	0	-1
96	0	-1
97	0	-1
98	0	-1
99	0	-1
100	0	-1
101	0	-1
102	0	-1
103	0	-1
104	0	-1
105	0	-1
106	0	-1
107	0	-1
108	0	-1
109	0	-1
110	0	-1
111	0	-1
112	0	-1
113	0	-1
114	0	-1
115	0	-1
116	0	-1
117	0	-1
118	0	-1
119	0	-1
120	0	-1
121	0	-1
122	0	-1
123	0	-1
124	0	-1
125	0	-1
126	0	-1
127	0	-1
128	0	-1
129	0	-1
130	0	-1
131	0	-1
132	0	-1
133	0	-1
134	0	-1
135	0	-1
136	0	-1
137	0	-1
138	0	-1
139	0	-1
140	0	-1
141	0	-1
142	0	-1
143	0	-1
144	0	-1
145	0	-1
146	0	-1
147	0	-1
148	0	-1
149	0	-1
150	0	-1
151	0	-1
152	0	-1
153	0	-1
154	0	-0.666666666666667
155	0	-0.666666666666667
156	0	-0.666666666666667
157	0	-0.666666666666667
158	0	-1
159	0	-1
160	0	-1
161	0	-1
162	0	-1
163	0	-1
164	0	-1
165	0	-1
166	0	-1
167	0	-1
168	0	-1
169	0	-1
170	0	-1
171	0	-1
172	0	-1
173	0	-1
174	0	-1
175	0	-1
176	0	-1
177	0	-1
178	0	-1
179	0	-1
180	0	-1
181	0	-1
182	0	-1
183	0	-0.666666666666667
184	0	-0.333333333333333
185	0	0
186	0.333333333333333	0
187	0.666666666666667	0
188	1	0
189	1	0
190	1	0
191	1	0
192	1	0
193	1	0
194	1	0
195	1	0
196	1	0
197	1	0
198	1	0
199	1	0
200	1	0
201	1	0
202	1	0
203	1	0
204	1	0
205	1	0
206	1	0
207	1	0
208	1	0
209	1	0
210	0.666666666666667	0
211	0.666666666666667	0
212	0.666666666666667	0
213	0.333333333333333	0
214	0	0
215	0	0
216	0.333333333333333	0
217	0.333333333333333	0
218	0.333333333333333	0
219	0.666666666666667	0
220	0.666666666666667	0
221	0.333333333333333	0
222	0.333333333333333	0
223	0.333333333333333	0
224	0.333333333333333	0
225	0.666666666666667	0
226	0.666666666666667	0
227	1	0
228	0.666666666666667	0
229	0.666666666666667	0
230	0.333333333333333	0
231	0	0
232	0	0
233	0	0
234	0	-0.333333333333333
235	0	-0.333333333333333
236	0	0
237	0	0
238	0	0
239	0	-0.333333333333333
240	0	-0.333333333333333
241	0	-0.333333333333333
242	0	-0.333333333333333
243	0	-0.666666666666667
244	0	-0.333333333333333
245	0	0
246	0	0
247	0	0
248	0.333333333333333	0
249	0.666666666666667	0
250	1	0
251	1	0
252	1	0
253	1	0
254	1	0
255	1	0
256	1	0
257	1	0
258	1	0
259	1	0
260	1	0
261	1	0
262	1	0
263	1	0
264	1	0
265	1	0
266	1	0
267	1	0
268	1	0
269	1	0
270	1	0
271	1	0
272	0.666666666666667	0
273	0.333333333333333	0
274	0	0
275	0	-0.333333333333333
276	0	-0.666666666666667
277	0	-0.666666666666667
278	0	-1
279	0	-1
280	0	-1
281	0	-0.666666666666667
282	0	-1
283	0	-1
284	0	-1
285	0	-0.666666666666667
286	0	-0.333333333333333
287	0	0
288	0.333333333333333	0
289	0.666666666666667	0
290	1	0
291	1	0
292	0.666666666666667	0
293	0.666666666666667	0
294	0.666666666666667	0
295	0.666666666666667	0
296	0.666666666666667	0
297	0.666666666666667	0
298	1	0
299	1	0
300	1	0
301	1	0
302	1	0
303	0.666666666666667	0
304	0.666666666666667	0
305	0.666666666666667	0
306	0.333333333333333	0
307	0.333333333333333	0
308	0.333333333333333	0
309	0.333333333333333	0
310	0	0
311	0.333333333333333	0
312	0.666666666666667	0
313	0.666666666666667	0
314	0.666666666666667	0
315	0.666666666666667	0
316	0.666666666666667	0
317	0.666666666666667	0
318	0.666666666666667	0
319	0.666666666666667	0
320	1	0
321	0.666666666666667	0
322	0.666666666666667	0
323	0.666666666666667	0
324	0.333333333333333	0
325	0.333333333333333	0
326	0.333333333333333	0
327	0.333333333333333	0
328	0.333333333333333	0
329	0.666666666666667	0
330	1	0
331	1	0
332	1	0
333	1	0
334	1	0
335	1	0
336	1	0
337	1	0
338	1	0
339	1	0
340	1	0
341	0.666666666666667	0
342	0.666666666666667	0
343	0.333333333333333	0
344	0	0
345	0	-0.333333333333333
346	0	-0.333333333333333
347	0	-0.666666666666667
348	0	-0.333333333333333
349	0	0
350	0	0
351	0.333333333333333	0
352	0.666666666666667	0
353	0.666666666666667	0
354	0.666666666666667	0
355	0.666666666666667	0
356	0.666666666666667	0
357	0.333333333333333	0
358	0	0
359	0	0
360	0	-0.333333333333333
361	0	-0.666666666666667
362	0	-1
363	0	-1
364	0	-1
365	0	-1
366	0	-1
367	0	-1
368	0	-1
369	0	-1
370	0	-1
371	0	-1
372	0	-1
373	0	-1
374	0	-1
375	0	-1
376	0	-1
377	0	-1
378	0	-1
379	0	-1
380	0	-1
381	0	-1
382	0	-1
383	0	-1
384	0	-1
385	0	-1
386	0	-1
387	0	-1
388	0	-1
389	0	-1
390	0	-1
391	0	-1
392	0	-1
393	0	-1
394	0	-1
395	0	-1
396	0	-1
397	0	-1
398	0	-1
399	0	-1
400	0	-0.666666666666667
401	0	-0.333333333333333
402	0	0
403	0.333333333333333	0
404	0.666666666666667	0
405	1	0
406	1	0
407	1	0
408	1	0
409	1	0
410	1	0
411	1	0
412	1	0
413	1	0
414	1	0
415	1	0
416	1	0
417	1	0
418	1	0
419	1	0
420	0.666666666666667	0
421	0.666666666666667	0
422	0.333333333333333	0
423	0.333333333333333	0
424	0.333333333333333	0
425	0	0
426	0	0
427	0	0
428	0	-0.333333333333333
429	0	-0.666666666666667
430	0	-1
431	0	-1
432	0	-1
433	0	-1
434	0	-1
435	0	-1
436	0	-1
437	0	-1
438	0	-1
439	0	-1
440	0	-1
441	0	-1
442	0	-1
443	0	-1
444	0	-1
445	0	-1
446	0	-1
447	0	-1
448	0	-1
449	0	-1
450	0	-1
451	0	-1
452	0	-1
453	0	-1
454	0	-1
455	0	-1
456	0	-1
457	0	-1
458	0	-1
459	0	-1
460	0	-1
461	0	-1
462	0	-1
463	0	-1
464	0	-1
465	0	-1
466	0	-1
467	0	-1
468	0	-1
469	0	-1
470	0	-1
471	0	-1
472	0	-1
473	0	-1
474	0	-1
475	0	-1
476	0	-1
477	0	-1
478	0	-1
479	0	-1
480	0	-1
481	0	-0.833333333333333
482	0	-0.666666666666667
483	0	-0.5
484	0	-0.333333333333333
485	0	-0.166666666666667
486	0	0
