position	positive	negative
1	0	-0.166666666666667
2	0	-0.333333333333333
3	0	-0.5
4	0	-0.666666666666667
5	0	-0.833333333333333
6	0	-1
7	0	-1
8	0	-1
9	0	-1
10	0	-1
11	0	-1
12	0	-1
13	0	-1
14	0	-1
15	0	-1
16	0	-1
17	0	-1
18	0	-1
19	0	-1
20	0	-1
21	0	-1
22	0	-1
23	0	-1
24	0	-1
25	0	-1
26	0	-1
27	0	-1
28	0	-1
29	0	-1
30	0	-1
31	0	-1
32	0	-1
33	0	-1
34	0	-1
35	0	-1
36	0	-1
37	0	-1
38	0	-1
39	0	-1
40	0	-1
41	0	-1
42	0	-1
43	0	-1
44	0	-1
45	0	-1
46	0	-1
47	0	-1
48	0	-1
49	0	-1
50	0	-1
51	0	-1
52	0	-1
53	0	-1
54	0	-1
55	0	-1
56	0	-1
57	0	-1
58	0	-1
59	0	-1
60	0	-1
61	0	-1
62	0	-1
63	0	-1
64	0	-1
65	0	-1
66	0	-1
67	0	-1
68	0	-1
69	0	-1
70	0	-1
71	0	-1
72	0	-1
73	0	-1
74	0	-1
75	0	-0.666666666666667
76	0	-0.333333333333333
77	0	0
78	0.333333333333333	0
79	0.666666666666667	0
80	1	0
81	1	0
82	0.666666666666667	0
83	0.666666666666667	0
84	0.666666666666667	0
85	0.333333333333333	0
86	0.333333333333333	0
87	0.166666666666667	0
88	0	0
89	0.333333333333333	0
90	0.333333333333333	0
91	0.666666666666667	0
92	0.666666666666667	0
93	1	0
94	1	0
95	1	0
96	1	0
97	1	0
98	1	0
99	1	0
100	1	0
101	1	0
102	1	0
103	1	0
104	1	0
105	1	0
106	1	0
107	0.666666666666667	0
108	0.333333333333333	0
109	0.333333333333333	0
110	0.166666666666667	0
111	0	0
112	0	-0.333333333333333
113	0	-0.333333333333333
114	0	-0.333333333333333
115	0	0
116	0	0
117	0	0
118	0	0
119	0	0
120	0.166666666666667	0
121	0.166666666666667	0
122	0	0
123	0	0
124	0	-0.166666666666667
125	0	-0.333333333333333
126	0	-0.666666666666667
127	0	-1
128	0	-1
129	0	-1
130	0	-1
131	0	-1
132	0	-1
133	0	-1
134	0	-1
135	0	-1
136	0	-1
137	0	-1
138	0	-1
139	0	-1
140	0	-1
141	0	-1
142	0	-1
143	0	-1
144	0	-1
145	0	-1
146	0	-1
147	0	-1
148	0	-1
149	0	-1
150	0	-1
151	0	-1
152	0	-1
153	0	-1
154	0	-1
155	0	-1
156	0	-1
157	0	-1
158	0	-1
159	0	-1
160	0	-0.666666666666667
161	0	-0.666666666666667
162	0	-0.333333333333333
163	0	-0.166666666666667
164	0	0
165	0	0
166	0	-0.166666666666667
167	0	0
168	0	-0.333333333333333
169	0	-0.666666666666667
170	0	-0.666666666666667
171	0	-0.666666666666667
172	0	-0.333333333333333
173	0	-0.5
174	0	-0.333333333333333
175	0	-0.333333333333333
176	0	0
177	0	0
178	0.333333333333333	0
179	0.666666666666667	0
180	0.833333333333333	0
181	1	0
182	0.666666666666667	0
183	1	0
184	1	0
185	1	0
186	1	0
187	0.666666666666667	0
188	0.666666666666667	0
189	0.333333333333333	0
190	0.333333333333333	0
191	0.333333333333333	0
192	0.333333333333333	0
193	0.333333333333333	0
194	0.333333333333333	0
195	0.666666666666667	0
196	0.333333333333333	0
197	0	0
198	0	0
199	0	-0.333333333333333
200	0	-0.333333333333333
201	0	-0.166666666666667
202	0	0
203	0.166666666666667	0
204	0.333333333333333	0
205	0.666666666666667	0
206	0.666666666666667	0
207	1	0
208	1	0
209	1	0
210	1	0
211	1	0
212	1	0
213	1	0
214	0.666666666666667	0
215	0.333333333333333	0
216	0	0
217	0	-0.333333333333333
218	0	-0.666666666666667
219	0	-1
220	0	-1
221	0	-1
222	0	-1
223	0	-1
224	0	-1
225	0	-1
226	0	-1
227	0	-1
228	0	-1
229	0	-1
230	0	-1
231	0	-0.666666666666667
232	0	-0.666666666666667
233	0	-0.333333333333333
234	0	-0.333333333333333
235	0	-0.333333333333333
236	0	-0.166666666666667
237	0	-0.333333333333333
238	0	-0.166666666666667
239	0	0
240	0.333333333333333	0
241	0.666666666666667	0
242	0.666666666666667	0
243	1	0
244	1	0
245	1	0
246	1	0
247	0.666666666666667	0
248	0.333333333333333	0
249	0	0
250	0	-0.333333333333333
251	0	-0.666666666666667
252	0	-0.666666666666667
253	0	-0.666666666666667
254	0	-0.833333333333333
255	0	-0.666666666666667
256	0	-0.333333333333333
257	0	0
258	0.333333333333333	0
259	0.666666666666667	0
260	1	0
261	1	0
262	1	0
263	1	0
264	1	0
265	1	0
266	1	0
267	0.666666666666667	0
268	0.666666666666667	0
269	0.333333333333333	0
270	0	0
271	0	0
272	0	0
273	0.333333333333333	0
274	0	0
275	0	0
276	0	0
277	0	-0.333333333333333
278	0	-0.333333333333333
279	0	-0.333333333333333
280	0	-0.666666666666667
281	0	-0.5
282	0	-0.333333333333333
283	0	-0.333333333333333
284	0	0
285	0.333333333333333	0
286	0.666666666666667	0
287	0.833333333333333	0
288	1	0
289	0.666666666666667	0
290	0.666666666666667	0
291	0.333333333333333	0
292	0	0
293	0	-0.333333333333333
294	0	-0.666666666666667
295	0	-0.666666666666667
296	0	-0.666666666666667
297	0	-1
298	0	-1
299	0	-1
300	0	-0.666666666666667
301	0	-0.333333333333333
302	0	0
303	0.333333333333333	0
304	0.666666666666667	0
305	1	0
306	1	0
307	1	0
308	1	0
309	1	0
310	1	0
311	1	0
312	1	0
313	1	0
314	1	0
315	1	0
316	1	0
317	1	0
318	1	0
319	1	0
320	1	0
321	1	0
322	1	0
323	1	0
324	1	0
325	1	0
326	1	0
327	1	0
328	1	0
329	1	0
330	1	0
331	1	0
332	1	0
333	1	0
334	1	0
335	1	0
336	1	0
337	1	0
338	1	0
339	1	0
340	1	0
341	1	0
342	1	0
343	1	0
344	1	0
345	1	0
346	1	0
347	1	0
348	1	0
349	1	0
350	1	0
351	1	0
352	1	0
353	1	0
354	0.666666666666667	0
355	0.666666666666667	0
356	0.666666666666667	0
357	0.666666666666667	0
358	0.666666666666667	0
359	0.666666666666667	0
360	0.666666666666667	0
361	0.666666666666667	0
362	0.333333333333333	0
363	0	0
364	0	-0.333333333333333
365	0	-0.666666666666667
366	0	-0.833333333333333
367	0	-1
368	0	-1
369	0	-1
370	0	-1
371	0	-1
372	0	-1
373	0	-1
374	0	-1
375	0	-1
376	0	-1
377	0	-1
378	0	-1
379	0	-1
380	0	-1
381	0	-1
382	0	-1
383	0	-1
384	0	-1
385	0	-1
386	0	-1
387	0	-1
388	0	-1
389	0	-1
390	0	-1
391	0	-1
392	0	-1
393	0	-1
394	0	-1
395	0	-1
396	0	-1
397	0	-1
398	0	-1
399	0	-1
400	0	-1
401	0	-1
402	0	-1
403	0	-1
404	0	-1
405	0	-1
406	0	-1
407	0	-1
408	0	-1
409	0	-1
410	0	-1
411	0	-1
412	0	-1
413	0	-1
414	0	-1
415	0	-0.833333333333333
416	0	-0.666666666666667
417	0	-0.5
418	0	-0.333333333333333
419	0	-0.166666666666667
420	0	0
