position	positive	negative
1	0	-0.166666666666667
2	0	-0.333333333333333
3	0	-0.5
4	0	-0.666666666666667
5	0	-0.833333333333333
6	0	-1
7	0	-1
8	0	-1
9	0	-1
10	0	-1
11	0	-1
12	0	-1
13	0	-1
14	0	-1
15	0	-1
16	0	-1
17	0	-1
18	0	-1
19	0	-1
20	0	-1
21	0	-1
22	0	-1
23	0	-1
24	0	-1
25	0	-1
26	0	-1
27	0	-1
28	0	-1
29	0	-1
30	0	-1
31	0	-1
32	0	-1
33	0	-1
34	0	-1
35	0	-1
36	0	-1
37	0	-1
38	0	-1
39	0	-1
40	0	-1
41	0	-1
42	0	-1
43	0	-1
44	0	-1
45	0	-1
46	0	-1
47	0	-1
48	0	-1
49	0	-1
50	0	-1
51	0	-1
52	0	-1
53	0	-1
54	0	-1
55	0	-1
56	0	-1
57	0	-1
58	0	-1
59	0	-1
60	0	-1
61	0	-1
62	0	-1
63	0	-1
64	0	-1
65	0	-1
66	0	-1
67	0	-1
68	0	-1
69	0	-1
70	0	-1
71	0	-1
72	0	-1
73	0	-1
74	0	-1
75	0	-1
76	0	-1
77	0	-1
78	0	-1
79	0	-1
80	0	-1
81	0	-1
82	0	-1
83	0	-1
84	0	-1
85	0	-1
86	0	-1
87	0	-1
88	0	-1
89	0	-1
90	0	-1
91	0	-1
92	0	-1
93	0	-1
94	0	-1
95	0	-1
96	0	-1
97	0	-1
98	0	-1
99	0	-1
100	0	-1
101	0	-1
102	0	-1
103	0	-1
104	0	-1
105	0	-1
106	0	-1
107	0	-1
108	0	-1
109	0	-1
110	0	-1
111	0	-1
112	0	-1
113	0	-1
114	0	-1
115	0	-1
116	0	-1
117	0	-1
118	0	-1
119	0	-1
120	0	-1
121	0	-1
122	0	-1
123	0	-1
124	0	-1
125	0	-1
126	0	-1
127	0	-1
128	0	-1
129	0	-1
130	0	-1
131	0	-1
132	0	-1
133	0	-1
134	0	-1
135	0	-1
136	0	-1
137	0	-1
138	0	-1
139	0	-1
140	0	-1
141	0	-1
142	0	-1
143	0	-1
144	0	-1
145	0	-1
146	0	-1
147	0	-1
148	0	-1
149	0	-1
150	0	-1
151	0	-1
152	0	-1
153	0	-1
154	0	-1
155	0	-1
156	0	-1
157	0	-1
158	0	-1
159	0	-1
160	0	-1
161	0	-1
162	0	-1
163	0	-1
164	0	-1
165	0	-1
166	0	-1
167	0	-1
168	0	-1
169	0	-1
170	0	-1
171	0	-1
172	0	-1
173	0	-1
174	0	-1
175	0	-1
176	0	-1
177	0	-1
178	0	-1
179	0	-1
180	0	-1
181	0	-1
182	0	-1
183	0	-1
184	0	-1
185	0	-1
186	0	-1
187	0	-1
188	0	-1
189	0	-1
190	0	-1
191	0	-1
192	0	-1
193	0	-1
194	0	-1
195	0	-1
196	0	-1
197	0	-1
198	0	-1
199	0	-1
200	0	-1
201	0	-1
202	0	-1
203	0	-1
204	0	-1
205	0	-1
206	0	-1
207	0	-1
208	0	-1
209	0	-1
210	0	-1
211	0	-1
212	0	-1
213	0	-1
214	0	-1
215	0	-1
216	0	-1
217	0	-1
218	0	-1
219	0	-1
220	0	-1
221	0	-1
222	0	-1
223	0	-1
224	0	-1
225	0	-1
226	0	-1
227	0	-1
228	0	-1
229	0	-1
230	0	-1
231	0	-1
232	0	-1
233	0	-1
234	0	-1
235	0	-1
236	0	-1
237	0	-1
238	0	-1
239	0	-1
240	0	-1
241	0	-1
242	0	-1
243	0	-1
244	0	-1
245	0	-1
246	0	-1
247	0	-1
248	0	-1
249	0	-1
250	0	-1
251	0	-1
252	0	-1
253	0	-1
254	0	-1
255	0	-1
256	0	-1
257	0	-1
258	0	-1
259	0	-1
260	0	-1
261	0	-1
262	0	-1
263	0	-1
264	0	-1
265	0	-1
266	0	-1
267	0	-1
268	0	-1
269	0	-1
270	0	-1
271	0	-1
272	0	-1
273	0	-1
274	0	-1
275	0	-1
276	0	-1
277	0	-1
278	0	-1
279	0	-1
280	0	-1
281	0	-1
282	0	-1
283	0	-1
284	0	-1
285	0	-1
286	0	-1
287	0	-1
288	0	-1
289	0	-1
290	0	-1
291	0	-1
292	0	-1
293	0	-1
294	0	-1
295	0	-0.666666666666667
296	0	-1
297	0	-1
298	0	-1
299	0	-0.666666666666667
300	0	-0.5
301	0	-0.166666666666667
302	0	-0.166666666666667
303	0	0
304	0	-0.166666666666667
305	0	-0.333333333333333
306	0	-0.666666666666667
307	0	-1
308	0	-1
309	0	-1
310	0	-1
311	0	-1
312	0	-1
313	0	-1
314	0	-1
315	0	-1
316	0	-1
317	0	-1
318	0	-1
319	0	-1
320	0	-1
321	0	-1
322	0	-1
323	0	-1
324	0	-0.833333333333333
325	0	-0.666666666666667
326	0	-0.333333333333333
327	0	-0.333333333333333
328	0	-0.166666666666667
329	0	0
330	0.333333333333333	0
331	0.333333333333333	0
332	0.333333333333333	0
333	0.666666666666667	0
334	0.666666666666667	0
335	0.666666666666667	0
336	0.333333333333333	0
337	0	0
338	0	-0.333333333333333
339	0	-0.333333333333333
340	0	0
341	0.333333333333333	0
342	0.333333333333333	0
343	0	0
344	0	-0.333333333333333
345	0	-0.333333333333333
346	0	-0.666666666666667
347	0	-0.666666666666667
348	0	-0.666666666666667
349	0	-0.666666666666667
350	0	-0.833333333333333
351	0	-1
352	0	-1
353	0	-1
354	0	-1
355	0	-1
356	0	-1
357	0	-1
358	0	-1
359	0	-1
360	0	-0.666666666666667
361	0	-0.333333333333333
362	0	0
363	0.333333333333333	0
364	0.666666666666667	0
365	1	0
366	1	0
367	1	0
368	1	0
369	1	0
370	1	0
371	1	0
372	1	0
373	1	0
374	1	0
375	1	0
376	1	0
377	1	0
378	0.666666666666667	0
379	0.333333333333333	0
380	0.333333333333333	0
381	0.333333333333333	0
382	0.166666666666667	0
383	0.166666666666667	0
384	0.5	0
385	0.5	0
386	0.333333333333333	0
387	0.166666666666667	0
388	0	0
389	0.333333333333333	0
390	0.166666666666667	0
391	0.166666666666667	0
392	0.333333333333333	0
393	0.5	0
394	0.833333333333333	0
395	0.666666666666667	0
396	0.333333333333333	0
397	0	0
398	0	-0.333333333333333
399	0	-0.666666666666667
400	0	-0.833333333333333
401	0	-0.833333333333333
402	0	-0.666666666666667
403	0	-0.333333333333333
404	0	-0.166666666666667
405	0	-0.166666666666667
406	0	-0.333333333333333
407	0	-0.5
408	0	-0.833333333333333
409	0	-1
410	0	-1
411	0	-1
412	0	-1
413	0	-1
414	0	-1
415	0	-1
416	0	-0.666666666666667
417	0	-0.666666666666667
418	0	-0.666666666666667
419	0	-0.333333333333333
420	0	-0.333333333333333
421	0	-0.333333333333333
422	0	-0.666666666666667
423	0	-0.666666666666667
424	0	-0.666666666666667
425	0	-1
426	0	-1
427	0	-1
428	0	-1
429	0	-1
430	0	-1
431	0	-1
432	0	-1
433	0	-1
434	0	-1
435	0	-0.666666666666667
436	0	-0.333333333333333
437	0	0
438	0.333333333333333	0
439	0.666666666666667	0
440	1	0
441	1	0
442	1	0
443	1	0
444	1	0
445	0.666666666666667	0
446	0.333333333333333	0
447	0.166666666666667	0
448	0	-0.166666666666667
449	0	-0.5
450	0	-0.833333333333333
451	0	-1
452	0	-1
453	0	-1
454	0	-1
455	0	-1
456	0	-0.666666666666667
457	0	-0.333333333333333
458	0	0
459	0.333333333333333	0
460	0.5	0
461	0.666666666666667	0
462	0.666666666666667	0
463	0.666666666666667	0
464	1	0
465	1	0
466	1	0
467	1	0
468	1	0
469	1	0
470	1	0
471	1	0
472	0.833333333333333	0
473	0.5	0
474	0.5	0
475	0.5	0
476	0.5	0
477	0.5	0
478	0.666666666666667	0
479	1	0
480	0.666666666666667	0
481	0.333333333333333	0
482	0	0
483	0	-0.333333333333333
484	0	-0.333333333333333
485	0	-0.333333333333333
486	0	0
487	0.333333333333333	0
488	0.666666666666667	0
489	1	0
490	1	0
491	1	0
492	1	0
493	1	0
494	1	0
495	1	0
496	1	0
497	1	0
498	1	0
499	1	0
500	1	0
501	1	0
502	0.666666666666667	0
503	0.333333333333333	0
504	0	0
505	0	-0.333333333333333
506	0	-0.666666666666667
507	0	-1
508	0	-1
509	0	-1
510	0	-1
511	0	-0.666666666666667
512	0	-0.333333333333333
513	0	0
514	0.333333333333333	0
515	0.333333333333333	0
516	0.333333333333333	0
517	0	0
518	0	-0.333333333333333
519	0	-0.666666666666667
520	0	-1
521	0	-1
522	0	-0.666666666666667
523	0	-0.333333333333333
524	0	0
525	0.333333333333333	0
526	0.666666666666667	0
527	1	0
528	1	0
529	1	0
530	1	0
531	1	0
532	1	0
533	1	0
534	1	0
535	1	0
536	0.833333333333333	0
537	0.666666666666667	0
538	0.666666666666667	0
539	0.666666666666667	0
540	0.666666666666667	0
541	0.5	0
542	0.5	0
543	0.333333333333333	0
544	0	0
545	0	-0.166666666666667
546	0	-0.333333333333333
547	0	-0.666666666666667
548	0	-0.666666666666667
549	0	-0.333333333333333
550	0	0
551	0.333333333333333	0
552	0.666666666666667	0
553	1	0
554	1	0
555	1	0
556	1	0
557	1	0
558	1	0
559	1	0
560	1	0
561	1	0
562	1	0
563	1	0
564	1	0
565	1	0
566	1	0
567	1	0
568	1	0
569	1	0
570	1	0
571	1	0
572	1	0
573	1	0
574	1	0
575	1	0
576	1	0
577	1	0
578	1	0
579	0.833333333333333	0
580	0.666666666666667	0
581	0.333333333333333	0
582	0	0
583	0	-0.333333333333333
584	0	-0.666666666666667
585	0	-0.333333333333333
586	0	0
587	0.333333333333333	0
588	0.666666666666667	0
589	1	0
590	1	0
591	1	0
592	1	0
593	1	0
594	1	0
595	1	0
596	0.833333333333333	0
597	0.666666666666667	0
598	0.333333333333333	0
599	0.333333333333333	0
600	0	0
601	0	-0.333333333333333
602	0	-0.666666666666667
603	0	-0.666666666666667
604	0	-0.333333333333333
605	0	0
606	0	0
607	0.333333333333333	0
608	0.166666666666667	0
609	0	0
610	0	0
611	0	-0.333333333333333
612	0	-0.333333333333333
613	0	-0.333333333333333
614	0	0
615	0.333333333333333	0
616	0.666666666666667	0
617	0.666666666666667	0
618	0.666666666666667	0
619	0.333333333333333	0
620	0	0
621	0	-0.333333333333333
622	0	-0.333333333333333
623	0	-0.5
624	0	-0.5
625	0	-0.166666666666667
626	0	0
627	0.333333333333333	0
628	0.333333333333333	0
629	0.166666666666667	0
630	0	0
631	0	-0.333333333333333
632	0	-0.333333333333333
633	0	-0.333333333333333
634	0	-0.666666666666667
635	0	-1
636	0	-0.666666666666667
637	0	-0.333333333333333
638	0	0
639	0.333333333333333	0
640	0.666666666666667	0
641	1	0
642	1	0
643	1	0
644	0.666666666666667	0
645	0.333333333333333	0
646	0.166666666666667	0
647	0	0
648	0	0
649	0	-0.333333333333333
650	0	-0.666666666666667
651	0	-0.666666666666667
652	0	-1
653	0	-1
654	0	-1
655	0	-1
656	0	-0.666666666666667
657	0	-0.666666666666667
658	0	-0.833333333333333
659	0	-1
660	0	-1
661	0	-1
662	0	-1
663	0	-1
664	0	-1
665	0	-1
666	0	-1
667	0	-1
668	0	-1
669	0	-1
670	0	-1
671	0	-1
672	0	-1
673	0	-1
674	0	-1
675	0	-1
676	0	-1
677	0	-0.833333333333333
678	0	-0.666666666666667
679	0	-0.5
680	0	-0.333333333333333
681	0	-0.166666666666667
682	0	0
