position	positive	negative
1	0	-0.166666666666667
2	0	-0.333333333333333
3	0	-0.5
4	0	-0.666666666666667
5	0	-0.833333333333333
6	0	-1
7	0	-1
8	0	-1
9	0	-1
10	0	-1
11	0	-1
12	0	-1
13	0	-1
14	0	-1
15	0	-1
16	0	-1
17	0	-1
18	0	-1
19	0	-1
20	0	-1
21	0	-1
22	0	-1
23	0	-1
24	0	-1
25	0	-1
26	0	-1
27	0	-1
28	0	-1
29	0	-1
30	0	-1
31	0	-1
32	0	-1
33	0	-1
34	0	-1
35	0	-1
36	0	-1
37	0	-1
38	0	-1
39	0	-1
40	0	-1
41	0	-1
42	0	-1
43	0	-1
44	0	-1
45	0	-1
46	0	-1
47	0	-1
48	0	-1
49	0	-1
50	0	-1
51	0	-1
52	0	-1
53	0	-1
54	0	-1
55	0	-1
56	0	-1
57	0	-1
58	0	-1
59	0	-1
60	0	-1
61	0	-1
62	0	-1
63	0	-1
64	0	-1
65	0	-1
66	0	-1
67	0	-1
68	0	-1
69	0	-1
70	0	-1
71	0	-1
72	0	-1
73	0	-1
74	0	-1
75	0	-1
76	0	-1
77	0	-1
78	0	-1
79	0	-1
80	0	-1
81	0	-1
82	0	-1
83	0	-1
84	0	-0.666666666666667
85	0	-0.666666666666667
86	0	-0.666666666666667
87	0	-0.666666666666667
88	0	-0.666666666666667
89	0	-0.666666666666667
90	0	-0.666666666666667
91	0	-0.333333333333333
92	0	-0.666666666666667
93	0	-0.666666666666667
94	0	-0.666666666666667
95	0	-0.666666666666667
96	0	-0.666666666666667
97	0	-0.666666666666667
98	0	-0.666666666666667
99	0	-0.666666666666667
100	0	-0.333333333333333
101	0	-0.666666666666667
102	0	-1
103	0	-1
104	0	-1
105	0	-1
106	0	-1
107	0	-1
108	0	-1
109	0	-1
110	0	-1
111	0	-1
112	0	-1
113	0	-1
114	0	-1
115	0	-1
116	0	-1
117	0	-1
118	0	-0.666666666666667
119	0	-0.666666666666667
120	0	-0.666666666666667
121	0	-0.666666666666667
122	0	-0.666666666666667
123	0	-0.666666666666667
124	0	-0.666666666666667
125	0	-1
126	0	-1
127	0	-1
128	0	-1
129	0	-1
130	0	-1
131	0	-1
132	0	-1
133	0	-0.666666666666667
134	0	-0.666666666666667
135	0	-1
136	0	-0.666666666666667
137	0	-0.666666666666667
138	0	-0.333333333333333
139	0	-0.333333333333333
140	0	0
141	0.333333333333333	0
142	0	0
143	0	0
144	0	0
145	0	0
146	0	-0.333333333333333
147	0	-0.666666666666667
148	0	-0.666666666666667
149	0	-1
150	0	-1
151	0	-1
152	0	-1
153	0	-1
154	0	-1
155	0	-1
156	0	-1
157	0	-1
158	0	-1
159	0	-1
160	0	-1
161	0	-1
162	0	-1
163	0	-1
164	0	-1
165	0	-1
166	0	-1
167	0	-1
168	0	-1
169	0	-1
170	0	-1
171	0	-1
172	0	-1
173	0	-1
174	0	-1
175	0	-1
176	0	-1
177	0	-1
178	0	-0.666666666666667
179	0	-0.333333333333333
180	0	-0.333333333333333
181	0	-0.333333333333333
182	0	-0.333333333333333
183	0	-0.333333333333333
184	0	-0.666666666666667
185	0	-0.666666666666667
186	0	-1
187	0	-1
188	0	-1
189	0	-1
190	0	-1
191	0	-1
192	0	-1
193	0	-1
194	0	-1
195	0	-1
196	0	-1
197	0	-1
198	0	-1
199	0	-0.666666666666667
200	0	-0.333333333333333
201	0	0
202	0	0
203	0.333333333333333	0
204	0.333333333333333	0
205	0.666666666666667	0
206	0.666666666666667	0
207	1	0
208	0.666666666666667	0
209	0.666666666666667	0
210	0.666666666666667	0
211	0.666666666666667	0
212	0.666666666666667	0
213	0.333333333333333	0
214	0.333333333333333	0
215	0	0
216	0.333333333333333	0
217	0.333333333333333	0
218	0.333333333333333	0
219	0.666666666666667	0
220	0.666666666666667	0
221	1	0
222	1	0
223	1	0
224	1	0
225	1	0
226	1	0
227	1	0
228	1	0
229	1	0
230	1	0
231	1	0
232	1	0
233	1	0
234	1	0
235	1	0
236	1	0
237	1	0
238	1	0
239	1	0
240	1	0
241	1	0
242	1	0
243	1	0
244	1	0
245	1	0
246	1	0
247	1	0
248	1	0
249	1	0
250	1	0
251	1	0
252	1	0
253	1	0
254	1	0
255	1	0
256	0.666666666666667	0
257	0.666666666666667	0
258	1	0
259	1	0
260	1	0
261	1	0
262	1	0
263	1	0
264	1	0
265	1	0
266	1	0
267	1	0
268	1	0
269	1	0
270	1	0
271	1	0
272	1	0
273	1	0
274	1	0
275	1	0
276	1	0
277	1	0
278	1	0
279	1	0
280	1	0
281	1	0
282	1	0
283	1	0
284	1	0
285	1	0
286	1	0
287	1	0
288	1	0
289	1	0
290	1	0
291	1	0
292	1	0
293	1	0
294	1	0
295	1	0
296	1	0
297	1	0
298	1	0
299	1	0
300	1	0
301	1	0
302	1	0
303	1	0
304	1	0
305	1	0
306	1	0
307	1	0
308	1	0
309	1	0
310	1	0
311	1	0
312	1	0
313	1	0
314	1	0
315	1	0
316	1	0
317	1	0
318	1	0
319	1	0
320	1	0
321	1	0
322	1	0
323	1	0
324	1	0
325	1	0
326	1	0
327	1	0
328	1	0
329	1	0
330	1	0
331	1	0
332	1	0
333	1	0
334	1	0
335	1	0
336	1	0
337	1	0
338	1	0
339	1	0
340	1	0
341	1	0
342	1	0
343	1	0
344	1	0
345	1	0
346	1	0
347	1	0
348	1	0
349	1	0
350	1	0
351	1	0
352	1	0
353	1	0
354	1	0
355	1	0
356	1	0
357	1	0
358	1	0
359	1	0
360	1	0
361	1	0
362	1	0
363	1	0
364	1	0
365	0.666666666666667	0
366	0.333333333333333	0
367	0	0
368	0	0
369	0	-0.333333333333333
370	0	-0.666666666666667
371	0	-1
372	0	-0.666666666666667
373	0	-1
374	0	-1
375	0	-1
376	0	-1
377	0	-1
378	0	-1
379	0	-1
380	0	-1
381	0	-1
382	0	-1
383	0	-1
384	0	-1
385	0	-1
386	0	-1
387	0	-1
388	0	-1
389	0	-1
390	0	-1
391	0	-1
392	0	-1
393	0	-1
394	0	-1
395	0	-1
396	0	-1
397	0	-1
398	0	-1
399	0	-1
400	0	-1
401	0	-1
402	0	-1
403	0	-1
404	0	-1
405	0	-1
406	0	-1
407	0	-1
408	0	-1
409	0	-1
410	0	-1
411	0	-1
412	0	-1
413	0	-1
414	0	-1
415	0	-1
416	0	-0.666666666666667
417	0	-0.333333333333333
418	0	0
419	0.333333333333333	0
420	0.333333333333333	0
421	0.666666666666667	0
422	1	0
423	1	0
424	1	0
425	1	0
426	1	0
427	1	0
428	1	0
429	1	0
430	1	0
431	1	0
432	1	0
433	1	0
434	1	0
435	1	0
436	1	0
437	1	0
438	1	0
439	1	0
440	1	0
441	1	0
442	1	0
443	1	0
444	1	0
445	1	0
446	1	0
447	1	0
448	1	0
449	1	0
450	1	0
451	1	0
452	1	0
453	1	0
454	1	0
455	1	0
456	1	0
457	1	0
458	1	0
459	1	0
460	1	0
461	1	0
462	1	0
463	1	0
464	1	0
465	0.666666666666667	0
466	0.666666666666667	0
467	0.333333333333333	0
468	0.333333333333333	0
469	0.333333333333333	0
470	0.333333333333333	0
471	0.333333333333333	0
472	0.666666666666667	0
473	1	0
474	1	0
475	1	0
476	1	0
477	1	0
478	0.666666666666667	0
479	0.333333333333333	0
480	0	0
481	0	0
482	0	0
483	0.333333333333333	0
484	0.666666666666667	0
485	1	0
486	1	0
487	1	0
488	1	0
489	1	0
490	1	0
491	1	0
492	1	0
493	1	0
494	1	0
495	1	0
496	1	0
497	1	0
498	1	0
499	1	0
500	1	0
501	1	0
502	1	0
503	1	0
504	1	0
505	0.666666666666667	0
506	1	0
507	0.666666666666667	0
508	1	0
509	1	0
510	0.666666666666667	0
511	1	0
512	1	0
513	1	0
514	1	0
515	1	0
516	1	0
517	1	0
518	1	0
519	1	0
520	1	0
521	1	0
522	1	0
523	1	0
524	1	0
525	1	0
526	1	0
527	1	0
528	1	0
529	1	0
530	1	0
531	1	0
532	1	0
533	1	0
534	1	0
535	1	0
536	1	0
537	1	0
538	1	0
539	1	0
540	1	0
541	1	0
542	1	0
543	1	0
544	1	0
545	1	0
546	1	0
547	1	0
548	1	0
549	1	0
550	1	0
551	1	0
552	1	0
553	1	0
554	1	0
555	1	0
556	1	0
557	1	0
558	1	0
559	1	0
560	1	0
561	1	0
562	1	0
563	1	0
564	1	0
565	1	0
566	1	0
567	1	0
568	1	0
569	0.666666666666667	0
570	0.333333333333333	0
571	0.333333333333333	0
572	0	0
573	0	-0.333333333333333
574	0	-0.333333333333333
575	0	-0.666666666666667
576	0	-1
577	0	-0.833333333333333
578	0	-0.666666666666667
579	0	-0.5
580	0	-0.333333333333333
581	0	-0.166666666666667
582	0	0
