position	positive	negative
1	0	-0.166666666666667
2	0	-0.333333333333333
3	0	-0.5
4	0	-0.666666666666667
5	0	-0.833333333333333
6	0	-1
7	0	-1
8	0	-1
9	0	-1
10	0	-1
11	0	-1
12	0	-1
13	0	-1
14	0	-1
15	0	-1
16	0	-1
17	0	-1
18	0	-1
19	0	-1
20	0	-1
21	0	-1
22	0	-1
23	0	-1
24	0	-1
25	0	-1
26	0	-1
27	0	-1
28	0	-1
29	0	-1
30	0	-1
31	0	-1
32	0	-1
33	0	-1
34	0	-1
35	0	-1
36	0	-1
37	0	-1
38	0	-1
39	0	-1
40	0	-1
41	0	-1
42	0	-1
43	0	-1
44	0	-1
45	0	-1
46	0	-1
47	0	-1
48	0	-1
49	0	-1
50	0	-1
51	0	-1
52	0	-1
53	0	-1
54	0	-1
55	0	-1
56	0	-1
57	0	-1
58	0	-1
59	0	-1
60	0	-1
61	0	-1
62	0	-1
63	0	-1
64	0	-1
65	0	-1
66	0	-1
67	0	-1
68	0	-1
69	0	-1
70	0	-1
71	0	-1
72	0	-1
73	0	-1
74	0	-1
75	0	-1
76	0	-1
77	0	-1
78	0	-1
79	0	-1
80	0	-1
81	0	-1
82	0	-1
83	0	-1
84	0	-1
85	0	-1
86	0	-1
87	0	-1
88	0	-1
89	0	-1
90	0	-1
91	0	-1
92	0	-1
93	0	-1
94	0	-1
95	0	-1
96	0	-1
97	0	-1
98	0	-1
99	0	-1
100	0	-1
101	0	-1
102	0	-1
103	0	-1
104	0	-1
105	0	-1
106	0	-1
107	0	-1
108	0	-1
109	0	-1
110	0	-1
111	0	-1
112	0	-1
113	0	-1
114	0	-1
115	0	-1
116	0	-1
117	0	-1
118	0	-1
119	0	-1
120	0	-1
121	0	-1
122	0	-1
123	0	-1
124	0	-1
125	0	-1
126	0	-1
127	0	-1
128	0	-1
129	0	-1
130	0	-1
131	0	-1
132	0	-1
133	0	-1
134	0	-1
135	0	-1
136	0	-1
137	0	-1
138	0	-1
139	0	-1
140	0	-1
141	0	-1
142	0	-1
143	0	-1
144	0	-1
145	0	-1
146	0	-1
147	0	-1
148	0	-1
149	0	-1
150	0	-1
151	0	-1
152	0	-1
153	0	-1
154	0	-1
155	0	-1
156	0	-1
157	0	-1
158	0	-1
159	0	-1
160	0	-1
161	0	-1
162	0	-1
163	0	-1
164	0	-1
165	0	-1
166	0	-0.833333333333333
167	0	-0.5
168	0	-0.333333333333333
169	0	-0.333333333333333
170	0	-0.166666666666667
171	0	0
172	0	0
173	0	-0.166666666666667
174	0	-0.333333333333333
175	0	-0.5
176	0	-0.666666666666667
177	0	-1
178	0	-1
179	0	-1
180	0	-0.666666666666667
181	0	-0.333333333333333
182	0	0
183	0.333333333333333	0
184	0.666666666666667	0
185	1	0
186	0.666666666666667	0
187	0.333333333333333	0
188	0.333333333333333	0
189	0.333333333333333	0
190	0	0
191	0	0
192	0.333333333333333	0
193	0.666666666666667	0
194	0.666666666666667	0
195	0.666666666666667	0
196	1	0
197	1	0
198	1	0
199	1	0
200	0.666666666666667	0
201	0.333333333333333	0
202	0	0
203	0	-0.333333333333333
204	0	-0.666666666666667
205	0	-1
206	0	-1
207	0	-1
208	0	-1
209	0	-1
210	0	-1
211	0	-1
212	0	-1
213	0	-1
214	0	-1
215	0	-0.833333333333333
216	0	-0.5
217	0	-0.333333333333333
218	0	0
219	0.333333333333333	0
220	0.666666666666667	0
221	1	0
222	1	0
223	1	0
224	1	0
225	0.833333333333333	0
226	0.5	0
227	0.333333333333333	0
228	0	0
229	0	-0.333333333333333
230	0	-0.333333333333333
231	0	-0.333333333333333
232	0	-0.333333333333333
233	0	-0.333333333333333
234	0	-0.333333333333333
235	0	-0.333333333333333
236	0	-0.333333333333333
237	0	-0.5
238	0	-0.5
239	0	-0.666666666666667
240	0	-1
241	0	-1
242	0	-1
243	0	-1
244	0	-1
245	0	-1
246	0	-1
247	0	-1
248	0	-1
249	0	-1
250	0	-1
251	0	-1
252	0	-1
253	0	-1
254	0	-1
255	0	-1
256	0	-1
257	0	-1
258	0	-1
259	0	-1
260	0	-1
261	0	-1
262	0	-1
263	0	-0.666666666666667
264	0	-0.333333333333333
265	0	0
266	0.333333333333333	0
267	0.666666666666667	0
268	0.666666666666667	0
269	1	0
270	0.666666666666667	0
271	0.333333333333333	0
272	0	0
273	0	-0.333333333333333
274	0	-0.666666666666667
275	0	-0.333333333333333
276	0	-0.166666666666667
277	0	0
278	0.333333333333333	0
279	0.666666666666667	0
280	0.666666666666667	0
281	0.333333333333333	0
282	0.333333333333333	0
283	0	0
284	0	-0.333333333333333
285	0	-0.666666666666667
286	0	-0.333333333333333
287	0	-0.333333333333333
288	0	-0.666666666666667
289	0	-1
290	0	-1
291	0	-0.666666666666667
292	0	-0.333333333333333
293	0	-0.333333333333333
294	0	0
295	0.333333333333333	0
296	0.666666666666667	0
297	0.666666666666667	0
298	0.666666666666667	0
299	1	0
300	1	0
301	1	0
302	1	0
303	1	0
304	1	0
305	0.666666666666667	0
306	0.666666666666667	0
307	0.333333333333333	0
308	0.333333333333333	0
309	0.333333333333333	0
310	0.333333333333333	0
311	0.666666666666667	0
312	0.666666666666667	0
313	1	0
314	1	0
315	1	0
316	1	0
317	1	0
318	1	0
319	1	0
320	1	0
321	1	0
322	0.666666666666667	0
323	0.333333333333333	0
324	0.333333333333333	0
325	0.333333333333333	0
326	0.333333333333333	0
327	0.333333333333333	0
328	0.666666666666667	0
329	0.833333333333333	0
330	1	0
331	1	0
332	1	0
333	1	0
334	1	0
335	1	0
336	1	0
337	1	0
338	1	0
339	1	0
340	1	0
341	1	0
342	1	0
343	1	0
344	1	0
345	1	0
346	1	0
347	1	0
348	1	0
349	1	0
350	1	0
351	1	0
352	1	0
353	1	0
354	1	0
355	1	0
356	1	0
357	1	0
358	1	0
359	1	0
360	1	0
361	1	0
362	1	0
363	1	0
364	1	0
365	1	0
366	1	0
367	1	0
368	1	0
369	1	0
370	1	0
371	1	0
372	1	0
373	1	0
374	1	0
375	1	0
376	1	0
377	1	0
378	1	0
379	1	0
380	1	0
381	1	0
382	1	0
383	1	0
384	1	0
385	1	0
386	1	0
387	1	0
388	1	0
389	1	0
390	1	0
391	1	0
392	1	0
393	1	0
394	1	0
395	1	0
396	1	0
397	1	0
398	1	0
399	1	0
400	1	0
401	1	0
402	1	0
403	1	0
404	1	0
405	1	0
406	0.666666666666667	0
407	0.666666666666667	0
408	0.333333333333333	0
409	0.666666666666667	0
410	0.333333333333333	0
411	0.333333333333333	0
412	0	0
413	0	-0.333333333333333
414	0	-0.666666666666667
415	0	-0.833333333333333
416	0	-1
417	0	-1
418	0	-1
419	0	-1
420	0	-1
421	0	-1
422	0	-1
423	0	-1
424	0	-1
425	0	-1
426	0	-1
427	0	-1
428	0	-1
429	0	-1
430	0	-1
431	0	-1
432	0	-1
433	0	-1
434	0	-1
435	0	-1
436	0	-1
437	0	-1
438	0	-1
439	0	-1
440	0	-1
441	0	-1
442	0	-1
443	0	-1
444	0	-1
445	0	-1
446	0	-1
447	0	-1
448	0	-1
449	0	-1
450	0	-1
451	0	-1
452	0	-1
453	0	-1
454	0	-1
455	0	-1
456	0	-0.666666666666667
457	0	-0.666666666666667
458	0	-0.333333333333333
459	0	0
460	0.333333333333333	0
461	0.666666666666667	0
462	1	0
463	1	0
464	1	0
465	1	0
466	1	0
467	1	0
468	1	0
469	1	0
470	1	0
471	1	0
472	1	0
473	1	0
474	1	0
475	1	0
476	1	0
477	1	0
478	1	0
479	1	0
480	1	0
481	1	0
482	1	0
483	1	0
484	1	0
485	1	0
486	1	0
487	1	0
488	1	0
489	1	0
490	1	0
491	1	0
492	1	0
493	1	0
494	1	0
495	1	0
496	1	0
497	1	0
498	1	0
499	1	0
500	1	0
501	0.666666666666667	0
502	0.333333333333333	0
503	0	0
504	0	-0.333333333333333
505	0	-0.666666666666667
506	0	-0.666666666666667
507	0	-1
508	0	-1
509	0	-1
510	0	-1
511	0	-0.666666666666667
512	0	-0.333333333333333
513	0	0
514	0.333333333333333	0
515	0.666666666666667	0
516	1	0
517	1	0
518	1	0
519	1	0
520	1	0
521	1	0
522	1	0
523	1	0
524	1	0
525	1	0
526	0.833333333333333	0
527	0.833333333333333	0
528	1	0
529	1	0
530	1	0
531	1	0
532	1	0
533	1	0
534	1	0
535	1	0
536	1	0
537	1	0
538	1	0
539	1	0
540	1	0
541	1	0
542	1	0
543	1	0
544	1	0
545	1	0
546	1	0
547	1	0
548	1	0
549	1	0
550	1	0
551	1	0
552	1	0
553	0.666666666666667	0
554	0.333333333333333	0
555	0	0
556	0	-0.333333333333333
557	0	-0.666666666666667
558	0	-0.833333333333333
559	0	-1
560	0	-1
561	0	-1
562	0	-1
563	0	-1
564	0	-1
565	0	-1
566	0	-1
567	0	-1
568	0	-1
569	0	-1
570	0	-1
571	0	-1
572	0	-1
573	0	-1
574	0	-1
575	0	-1
576	0	-1
577	0	-1
578	0	-1
579	0	-1
580	0	-1
581	0	-1
582	0	-1
583	0	-1
584	0	-1
585	0	-1
586	0	-1
587	0	-1
588	0	-1
589	0	-1
590	0	-1
591	0	-1
592	0	-1
593	0	-1
594	0	-1
595	0	-1
596	0	-1
597	0	-1
598	0	-1
599	0	-1
600	0	-1
601	0	-1
602	0	-1
603	0	-1
604	0	-1
605	0	-1
606	0	-1
607	0	-0.833333333333333
608	0	-0.666666666666667
609	0	-0.5
610	0	-0.333333333333333
611	0	-0.166666666666667
612	0	0
