position	positive	negative
1	0	-0.166666666666667
2	0	-0.333333333333333
3	0	-0.5
4	0	-0.666666666666667
5	0	-0.833333333333333
6	0	-1
7	0	-1
8	0	-1
9	0	-1
10	0	-1
11	0	-1
12	0	-1
13	0	-1
14	0	-1
15	0	-1
16	0	-1
17	0	-1
18	0	-1
19	0	-1
20	0	-1
21	0	-1
22	0	-1
23	0	-1
24	0	-1
25	0	-1
26	0	-1
27	0	-1
28	0	-1
29	0	-1
30	0	-1
31	0	-1
32	0	-1
33	0	-1
34	0	-1
35	0	-1
36	0	-1
37	0	-1
38	0	-1
39	0	-1
40	0	-1
41	0	-1
42	0	-1
43	0	-1
44	0	-1
45	0	-1
46	0	-1
47	0	-1
48	0	-1
49	0	-1
50	0	-1
51	0	-1
52	0	-1
53	0	-1
54	0	-1
55	0	-1
56	0	-1
57	0	-1
58	0	-1
59	0	-1
60	0	-1
61	0	-1
62	0	-1
63	0	-1
64	0	-1
65	0	-1
66	0	-1
67	0	-1
68	0	-1
69	0	-1
70	0	-1
71	0	-1
72	0	-1
73	0	-1
74	0	-1
75	0	-1
76	0	-1
77	0	-1
78	0	-1
79	0	-1
80	0	-1
81	0	-1
82	0	-1
83	0	-1
84	0	-1
85	0	-1
86	0	-1
87	0	-1
88	0	-1
89	0	-1
90	0	-1
91	0	-1
92	0	-1
93	0	-1
94	0	-1
95	0	-1
96	0	-1
97	0	-1
98	0	-1
99	0	-1
100	0	-1
101	0	-1
102	0	-1
103	0	-1
104	0	-1
105	0	-1
106	0	-1
107	0	-0.666666666666667
108	0	-0.333333333333333
109	0	0
110	0.333333333333333	0
111	0.666666666666667	0
112	1	0
113	1	0
114	1	0
115	1	0
116	1	0
117	1	0
118	1	0
119	1	0
120	1	0
121	1	0
122	1	0
123	1	0
124	1	0
125	1	0
126	1	0
127	1	0
128	1	0
129	1	0
130	1	0
131	1	0
132	1	0
133	1	0
134	1	0
135	1	0
136	1	0
137	1	0
138	1	0
139	1	0
140	1	0
141	1	0
142	1	0
143	1	0
144	1	0
145	1	0
146	0.666666666666667	0
147	0.333333333333333	0
148	0.333333333333333	0
149	0.333333333333333	0
150	0.333333333333333	0
151	0.333333333333333	0
152	0.666666666666667	0
153	1	0
154	1	0
155	1	0
156	1	0
157	1	0
158	1	0
159	1	0
160	1	0
161	1	0
162	1	0
163	1	0
164	1	0
165	1	0
166	1	0
167	0.666666666666667	0
168	0.333333333333333	0
169	0	0
170	0	-0.333333333333333
171	0	-0.666666666666667
172	0	-1
173	0	-1
174	0	-1
175	0	-1
176	0	-1
177	0	-1
178	0	-1
179	0	-1
180	0	-1
181	0	-1
182	0	-1
183	0	-1
184	0	-1
185	0	-1
186	0	-1
187	0	-1
188	0	-1
189	0	-1
190	0	-0.666666666666667
191	0	-0.333333333333333
192	0	0
193	0.333333333333333	0
194	0.666666666666667	0
195	1	0
196	1	0
197	1	0
198	1	0
199	1	0
200	1	0
201	1	0
202	1	0
203	1	0
204	1	0
205	1	0
206	1	0
207	1	0
208	1	0
209	1	0
210	1	0
211	1	0
212	1	0
213	1	0
214	1	0
215	1	0
216	1	0
217	1	0
218	1	0
219	1	0
220	1	0
221	1	0
222	1	0
223	0.833333333333333	0
224	0.833333333333333	0
225	0.666666666666667	0
226	0.833333333333333	0
227	1	0
228	1	0
229	1	0
230	1	0
231	1	0
232	1	0
233	1	0
234	1	0
235	1	0
236	1	0
237	1	0
238	1	0
239	1	0
240	1	0
241	1	0
242	1	0
243	1	0
244	1	0
245	1	0
246	1	0
247	1	0
248	1	0
249	1	0
250	1	0
251	1	0
252	0.833333333333333	0
253	0.666666666666667	0
254	0.333333333333333	0
255	0.333333333333333	0
256	0.333333333333333	0
257	0.333333333333333	0
258	0.666666666666667	0
259	0.666666666666667	0
260	1	0
261	1	0
262	1	0
263	1	0
264	1	0
265	1	0
266	1	0
267	0.666666666666667	0
268	0.333333333333333	0
269	0.333333333333333	0
270	0.333333333333333	0
271	0.333333333333333	0
272	0.333333333333333	0
273	0.666666666666667	0
274	1	0
275	1	0
276	1	0
277	1	0
278	1	0
279	1	0
280	0.666666666666667	0
281	0.333333333333333	0
282	0	0
283	0	-0.333333333333333
284	0	-0.666666666666667
285	0	-1
286	0	-1
287	0	-1
288	0	-1
289	0	-1
290	0	-1
291	0	-1
292	0	-1
293	0	-1
294	0	-1
295	0	-1
296	0	-1
297	0	-1
298	0	-1
299	0	-1
300	0	-1
301	0	-1
302	0	-1
303	0	-1
304	0	-1
305	0	-1
306	0	-1
307	0	-1
308	0	-1
309	0	-1
310	0	-1
311	0	-1
312	0	-1
313	0	-1
314	0	-1
315	0	-1
316	0	-1
317	0	-1
318	0	-1
319	0	-1
320	0	-1
321	0	-1
322	0	-1
323	0	-1
324	0	-1
325	0	-1
326	0	-1
327	0	-1
328	0	-1
329	0	-1
330	0	-1
331	0	-1
332	0	-1
333	0	-1
334	0	-1
335	0	-1
336	0	-1
337	0	-1
338	0	-1
339	0	-1
340	0	-1
341	0	-1
342	0	-1
343	0	-1
344	0	-1
345	0	-1
346	0	-1
347	0	-1
348	0	-1
349	0	-1
350	0	-1
351	0	-1
352	0	-1
353	0	-1
354	0	-1
355	0	-1
356	0	-1
357	0	-1
358	0	-1
359	0	-1
360	0	-1
361	0	-1
362	0	-1
363	0	-1
364	0	-1
365	0	-1
366	0	-1
367	0	-1
368	0	-1
369	0	-1
370	0	-1
371	0	-1
372	0	-1
373	0	-1
374	0	-1
375	0	-1
376	0	-1
377	0	-1
378	0	-1
379	0	-1
380	0	-1
381	0	-1
382	0	-1
383	0	-1
384	0	-1
385	0	-1
386	0	-1
387	0	-1
388	0	-1
389	0	-1
390	0	-1
391	0	-1
392	0	-1
393	0	-1
394	0	-1
395	0	-1
396	0	-1
397	0	-1
398	0	-1
399	0	-1
400	0	-1
401	0	-1
402	0	-1
403	0	-1
404	0	-1
405	0	-1
406	0	-1
407	0	-1
408	0	-1
409	0	-1
410	0	-1
411	0	-1
412	0	-1
413	0	-1
414	0	-1
415	0	-1
416	0	-1
417	0	-1
418	0	-1
419	0	-1
420	0	-1
421	0	-1
422	0	-1
423	0	-1
424	0	-1
425	0	-1
426	0	-1
427	0	-1
428	0	-1
429	0	-1
430	0	-1
431	0	-1
432	0	-1
433	0	-1
434	0	-1
435	0	-1
436	0	-1
437	0	-1
438	0	-1
439	0	-1
440	0	-1
441	0	-1
442	0	-1
443	0	-1
444	0	-1
445	0	-1
446	0	-1
447	0	-1
448	0	-1
449	0	-1
450	0	-1
451	0	-1
452	0	-1
453	0	-1
454	0	-1
455	0	-1
456	0	-1
457	0	-1
458	0	-1
459	0	-1
460	0	-1
461	0	-1
462	0	-1
463	0	-1
464	0	-1
465	0	-1
466	0	-1
467	0	-1
468	0	-1
469	0	-1
470	0	-1
471	0	-1
472	0	-1
473	0	-1
474	0	-1
475	0	-1
476	0	-1
477	0	-1
478	0	-1
479	0	-0.833333333333333
480	0	-0.666666666666667
481	0	-0.5
482	0	-0.333333333333333
483	0	-0.166666666666667
484	0	0
