position	positive	negative
1	0	-0.166666666666667
2	0	-0.333333333333333
3	0	-0.5
4	0	-0.666666666666667
5	0	-0.833333333333333
6	0	-1
7	0	-1
8	0	-1
9	0	-1
10	0	-1
11	0	-1
12	0	-1
13	0	-1
14	0	-1
15	0	-1
16	0	-1
17	0	-1
18	0	-1
19	0	-1
20	0	-1
21	0	-1
22	0	-1
23	0	-1
24	0	-1
25	0	-1
26	0	-1
27	0	-1
28	0	-1
29	0	-1
30	0	-1
31	0	-1
32	0	-1
33	0	-1
34	0	-1
35	0	-1
36	0	-1
37	0	-1
38	0	-1
39	0	-1
40	0	-1
41	0	-1
42	0	-1
43	0	-1
44	0	-1
45	0	-1
46	0	-1
47	0	-1
48	0	-1
49	0	-1
50	0	-1
51	0	-1
52	0	-1
53	0	-1
54	0	-1
55	0	-1
56	0	-1
57	0	-1
58	0	-1
59	0	-1
60	0	-1
61	0	-1
62	0	-1
63	0	-1
64	0	-1
65	0	-1
66	0	-1
67	0	-1
68	0	-1
69	0	-1
70	0	-1
71	0	-1
72	0	-1
73	0	-1
74	0	-1
75	0	-1
76	0	-1
77	0	-1
78	0	-1
79	0	-1
80	0	-1
81	0	-1
82	0	-1
83	0	-1
84	0	-1
85	0	-1
86	0	-1
87	0	-1
88	0	-1
89	0	-1
90	0	-1
91	0	-1
92	0	-1
93	0	-1
94	0	-1
95	0	-1
96	0	-1
97	0	-1
98	0	-1
99	0	-1
100	0	-1
101	0	-1
102	0	-1
103	0	-1
104	0	-1
105	0	-1
106	0	-1
107	0	-1
108	0	-1
109	0	-1
110	0	-1
111	0	-1
112	0	-1
113	0	-1
114	0	-1
115	0	-1
116	0	-1
117	0	-1
118	0	-1
119	0	-1
120	0	-1
121	0	-1
122	0	-1
123	0	-1
124	0	-1
125	0	-1
126	0	-1
127	0	-1
128	0	-1
129	0	-1
130	0	-1
131	0	-1
132	0	-1
133	0	-1
134	0	-1
135	0	-1
136	0	-1
137	0	-1
138	0	-1
139	0	-1
140	0	-1
141	0	-1
142	0	-1
143	0	-1
144	0	-1
145	0	-1
146	0	-1
147	0	-1
148	0	-1
149	0	-1
150	0	-1
151	0	-1
152	0	-1
153	0	-0.666666666666667
154	0	-0.666666666666667
155	0	-0.666666666666667
156	0	-0.666666666666667
157	0	-0.666666666666667
158	0	-0.666666666666667
159	0	-1
160	0	-1
161	0	-1
162	0	-1
163	0	-1
164	0	-1
165	0	-1
166	0	-1
167	0	-1
168	0	-1
169	0	-1
170	0	-1
171	0	-1
172	0	-1
173	0	-0.666666666666667
174	0	-0.666666666666667
175	0	-0.333333333333333
176	0	0
177	0	-0.333333333333333
178	0	-0.333333333333333
179	0	-0.333333333333333
180	0	-0.333333333333333
181	0	-0.666666666666667
182	0	-1
183	0	-1
184	0	-0.666666666666667
185	0	-0.333333333333333
186	0	0
187	0.333333333333333	0
188	0.333333333333333	0
189	0.333333333333333	0
190	0	0
191	0	0
192	0	0
193	0	0
194	0	0
195	0.333333333333333	0
196	0.666666666666667	0
197	0.666666666666667	0
198	1	0
199	1	0
200	1	0
201	1	0
202	1	0
203	1	0
204	1	0
205	1	0
206	0.666666666666667	0
207	0.333333333333333	0
208	0	0
209	0	-0.333333333333333
210	0	-0.333333333333333
211	0	-0.333333333333333
212	0	-0.333333333333333
213	0	0
214	0.333333333333333	0
215	0.666666666666667	0
216	1	0
217	1	0
218	1	0
219	1	0
220	1	0
221	1	0
222	1	0
223	1	0
224	1	0
225	1	0
226	1	0
227	1	0
228	1	0
229	1	0
230	1	0
231	1	0
232	1	0
233	1	0
234	1	0
235	1	0
236	0.666666666666667	0
237	0.333333333333333	0
238	0	0
239	0	-0.333333333333333
240	0	-0.666666666666667
241	0	-1
242	0	-1
243	0	-1
244	0	-1
245	0	-1
246	0	-1
247	0	-1
248	0	-1
249	0	-1
250	0	-1
251	0	-1
252	0	-1
253	0	-1
254	0	-1
255	0	-1
256	0	-1
257	0	-1
258	0	-1
259	0	-1
260	0	-1
261	0	-1
262	0	-1
263	0	-1
264	0	-1
265	0	-1
266	0	-1
267	0	-1
268	0	-1
269	0	-1
270	0	-1
271	0	-1
272	0	-1
273	0	-1
274	0	-1
275	0	-1
276	0	-1
277	0	-1
278	0	-1
279	0	-1
280	0	-1
281	0	-1
282	0	-1
283	0	-1
284	0	-1
285	0	-0.666666666666667
286	0	-0.333333333333333
287	0	0
288	0.333333333333333	0
289	0.666666666666667	0
290	1	0
291	1	0
292	1	0
293	1	0
294	1	0
295	1	0
296	1	0
297	1	0
298	1	0
299	1	0
300	1	0
301	1	0
302	1	0
303	1	0
304	1	0
305	1	0
306	1	0
307	1	0
308	1	0
309	1	0
310	1	0
311	1	0
312	1	0
313	1	0
314	1	0
315	1	0
316	1	0
317	1	0
318	1	0
319	1	0
320	1	0
321	1	0
322	1	0
323	1	0
324	1	0
325	1	0
326	1	0
327	1	0
328	1	0
329	1	0
330	1	0
331	1	0
332	1	0
333	1	0
334	0.666666666666667	0
335	0.666666666666667	0
336	1	0
337	1	0
338	1	0
339	1	0
340	1	0
341	1	0
342	1	0
343	1	0
344	1	0
345	1	0
346	1	0
347	1	0
348	1	0
349	1	0
350	1	0
351	1	0
352	1	0
353	1	0
354	1	0
355	1	0
356	1	0
357	1	0
358	1	0
359	1	0
360	1	0
361	1	0
362	1	0
363	1	0
364	1	0
365	1	0
366	1	0
367	1	0
368	1	0
369	1	0
370	1	0
371	1	0
372	1	0
373	1	0
374	1	0
375	1	0
376	1	0
377	1	0
378	1	0
379	1	0
380	1	0
381	1	0
382	1	0
383	1	0
384	1	0
385	1	0
386	1	0
387	1	0
388	1	0
389	1	0
390	1	0
391	1	0
392	1	0
393	1	0
394	1	0
395	1	0
396	1	0
397	1	0
398	1	0
399	1	0
400	1	0
401	1	0
402	1	0
403	1	0
404	1	0
405	1	0
406	1	0
407	1	0
408	1	0
409	1	0
410	1	0
411	1	0
412	1	0
413	1	0
414	1	0
415	1	0
416	1	0
417	1	0
418	1	0
419	1	0
420	1	0
421	1	0
422	1	0
423	1	0
424	1	0
425	1	0
426	1	0
427	1	0
428	1	0
429	0.666666666666667	0
430	1	0
431	1	0
432	1	0
433	0.666666666666667	0
434	1	0
435	1	0
436	1	0
437	1	0
438	1	0
439	1	0
440	1	0
441	1	0
442	1	0
443	1	0
444	1	0
445	1	0
446	1	0
447	1	0
448	1	0
449	1	0
450	1	0
451	1	0
452	1	0
453	1	0
454	1	0
455	1	0
456	1	0
457	1	0
458	1	0
459	1	0
460	1	0
461	1	0
462	1	0
463	1	0
464	1	0
465	1	0
466	1	0
467	1	0
468	1	0
469	1	0
470	1	0
471	0.666666666666667	0
472	0.333333333333333	0
473	0.666666666666667	0
474	0.666666666666667	0
475	0.333333333333333	0
476	0.333333333333333	0
477	0.666666666666667	0
478	0.333333333333333	0
479	0.333333333333333	0
480	0.333333333333333	0
481	0.333333333333333	0
482	0.666666666666667	0
483	0.333333333333333	0
484	0.333333333333333	0
485	0.666666666666667	0
486	0.666666666666667	0
487	1	0
488	1	0
489	1	0
490	1	0
491	1	0
492	1	0
493	1	0
494	1	0
495	1	0
496	1	0
497	1	0
498	1	0
499	1	0
500	1	0
501	1	0
502	1	0
503	1	0
504	1	0
505	1	0
506	1	0
507	1	0
508	1	0
509	1	0
510	1	0
511	0.666666666666667	0
512	0.333333333333333	0
513	0	0
514	0	-0.333333333333333
515	0	-0.666666666666667
516	0	-1
517	0	-1
518	0	-1
519	0	-1
520	0	-1
521	0	-1
522	0	-1
523	0	-1
524	0	-1
525	0	-1
526	0	-1
527	0	-1
528	0	-1
529	0	-1
530	0	-1
531	0	-0.666666666666667
532	0	-0.333333333333333
533	0	0
534	0.333333333333333	0
535	0.666666666666667	0
536	1	0
537	1	0
538	1	0
539	1	0
540	0.666666666666667	0
541	0.666666666666667	0
542	0.666666666666667	0
543	1	0
544	0.666666666666667	0
545	0.333333333333333	0
546	0.666666666666667	0
547	0.666666666666667	0
548	0.666666666666667	0
549	0.666666666666667	0
550	1	0
551	1	0
552	1	0
553	1	0
554	1	0
555	1	0
556	1	0
557	1	0
558	1	0
559	1	0
560	1	0
561	1	0
562	1	0
563	1	0
564	1	0
565	1	0
566	1	0
567	1	0
568	1	0
569	1	0
570	1	0
571	1	0
572	1	0
573	1	0
574	1	0
575	1	0
576	1	0
577	1	0
578	1	0
579	1	0
580	1	0
581	1	0
582	1	0
583	1	0
584	1	0
585	1	0
586	1	0
587	1	0
588	1	0
589	1	0
590	1	0
591	1	0
592	1	0
593	1	0
594	1	0
595	1	0
596	1	0
597	1	0
598	1	0
599	1	0
600	1	0
601	1	0
602	1	0
603	1	0
604	1	0
605	1	0
606	0.666666666666667	0
607	0.666666666666667	0
608	0.333333333333333	0
609	0	0
610	0	0
611	0	-0.333333333333333
612	0	0
613	0.333333333333333	0
614	0.666666666666667	0
615	1	0
616	1	0
617	1	0
618	1	0
619	1	0
620	1	0
621	1	0
622	1	0
623	1	0
624	1	0
625	1	0
626	1	0
627	1	0
628	1	0
629	1	0
630	1	0
631	1	0
632	1	0
633	1	0
634	1	0
635	1	0
636	1	0
637	1	0
638	1	0
639	0.666666666666667	0
640	0.666666666666667	0
641	1	0
642	0.666666666666667	0
643	0.666666666666667	0
644	0.666666666666667	0
645	0.666666666666667	0
646	0.666666666666667	0
647	0.666666666666667	0
648	0.666666666666667	0
649	0.666666666666667	0
650	1	0
651	1	0
652	1	0
653	1	0
654	1	0
655	1	0
656	0.666666666666667	0
657	0.666666666666667	0
658	0.333333333333333	0
659	0	0
660	0	-0.333333333333333
661	0	-0.666666666666667
662	0	-1
663	0	-1
664	0	-1
665	0	-1
666	0	-1
667	0	-1
668	0	-1
669	0	-1
670	0	-1
671	0	-1
672	0	-1
673	0	-1
674	0	-1
675	0	-1
676	0	-1
677	0	-1
678	0	-1
679	0	-1
680	0	-1
681	0	-1
682	0	-1
683	0	-0.666666666666667
684	0	-0.333333333333333
685	0	0
686	0.333333333333333	0
687	0.666666666666667	0
688	1	0
689	1	0
690	1	0
691	1	0
692	1	0
693	1	0
694	1	0
695	1	0
696	1	0
697	1	0
698	1	0
699	1	0
700	1	0
701	1	0
702	1	0
703	1	0
704	1	0
705	1	0
706	1	0
707	1	0
708	1	0
709	1	0
710	1	0
711	1	0
712	1	0
713	1	0
714	0.666666666666667	0
715	0.333333333333333	0
716	0	0
717	0	-0.333333333333333
718	0	-0.666666666666667
719	0	-0.666666666666667
720	0	-1
721	0	-0.666666666666667
722	0	-0.666666666666667
723	0	-0.666666666666667
724	0	-0.333333333333333
725	0	-0.333333333333333
726	0	0
727	0.333333333333333	0
728	0.666666666666667	0
729	1	0
730	1	0
731	1	0
732	1	0
733	1	0
734	1	0
735	1	0
736	1	0
737	1	0
738	1	0
739	1	0
740	1	0
741	1	0
742	0.666666666666667	0
743	0.333333333333333	0
744	0	0
745	0	0
746	0	-0.333333333333333
747	0	0
748	0	0
749	0.333333333333333	0
750	0.666666666666667	0
751	0.666666666666667	0
752	0.666666666666667	0
753	0.666666666666667	0
754	0.666666666666667	0
755	0.666666666666667	0
756	0.666666666666667	0
757	0.666666666666667	0
758	0.666666666666667	0
759	0.666666666666667	0
760	0.333333333333333	0
761	0.333333333333333	0
762	0	0
763	0	0
764	0	-0.333333333333333
765	0	-0.333333333333333
766	0	-0.666666666666667
767	0	-0.333333333333333
768	0	0
769	0	0
770	0.333333333333333	0
771	0.666666666666667	0
772	1	0
773	1	0
774	1	0
775	1	0
776	1	0
777	1	0
778	1	0
779	1	0
780	1	0
781	1	0
782	1	0
783	1	0
784	1	0
785	1	0
786	1	0
787	1	0
788	1	0
789	1	0
790	1	0
791	1	0
792	0.666666666666667	0
793	0.666666666666667	0
794	0.666666666666667	0
795	1	0
796	1	0
797	1	0
798	1	0
799	0.666666666666667	0
800	1	0
801	1	0
802	1	0
803	1	0
804	1	0
805	1	0
806	1	0
807	1	0
808	1	0
809	1	0
810	1	0
811	1	0
812	1	0
813	1	0
814	1	0
815	1	0
816	1	0
817	1	0
818	1	0
819	1	0
820	1	0
821	1	0
822	1	0
823	1	0
824	1	0
825	1	0
826	1	0
827	1	0
828	1	0
829	1	0
830	1	0
831	1	0
832	1	0
833	1	0
834	1	0
835	1	0
836	1	0
837	1	0
838	1	0
839	0.666666666666667	0
840	0.333333333333333	0
841	0	0
842	0	-0.333333333333333
843	0	-0.666666666666667
844	0	-1
845	0	-1
846	0	-1
847	0	-1
848	0	-1
849	0	-1
850	0	-1
851	0	-1
852	0	-1
853	0	-1
854	0	-1
855	0	-1
856	0	-0.666666666666667
857	0	-0.333333333333333
858	0	-0.333333333333333
859	0	0
860	0	0
861	0.333333333333333	0
862	0.666666666666667	0
863	0.666666666666667	0
864	0.666666666666667	0
865	1	0
866	1	0
867	1	0
868	1	0
869	1	0
870	1	0
871	1	0
872	1	0
873	0.666666666666667	0
874	0.333333333333333	0
875	0	0
876	0	-0.333333333333333
877	0	-0.666666666666667
878	0	-0.666666666666667
879	0	-0.666666666666667
880	0	-0.333333333333333
881	0	0
882	0	0
883	0	0
884	0.333333333333333	0
885	0	0
886	0.333333333333333	0
887	0.666666666666667	0
888	0.666666666666667	0
889	1	0
890	1	0
891	1	0
892	1	0
893	1	0
894	1	0
895	1	0
896	1	0
897	1	0
898	1	0
899	0.666666666666667	0
900	0.333333333333333	0
901	0.333333333333333	0
902	0	0
903	0	-0.333333333333333
904	0	-0.666666666666667
905	0	-0.333333333333333
906	0	0
907	0.333333333333333	0
908	0	0
909	0	0
910	0	0
911	0	-0.333333333333333
912	0	-0.666666666666667
913	0	-0.666666666666667
914	0	-1
915	0	-0.666666666666667
916	0	-0.666666666666667
917	0	-0.666666666666667
918	0	-0.333333333333333
919	0	0
920	0.333333333333333	0
921	0.333333333333333	0
922	0.666666666666667	0
923	1	0
924	1	0
925	0.666666666666667	0
926	0.666666666666667	0
927	0.666666666666667	0
928	0.666666666666667	0
929	0.666666666666667	0
930	1	0
931	1	0
932	1	0
933	1	0
934	1	0
935	1	0
936	1	0
937	1	0
938	1	0
939	1	0
940	1	0
941	1	0
942	1	0
943	0.666666666666667	0
944	0.333333333333333	0
945	0	0
946	0	-0.333333333333333
947	0	-0.666666666666667
948	0	-1
949	0	-1
950	0	-1
951	0	-1
952	0	-1
953	0	-1
954	0	-1
955	0	-1
956	0	-1
957	0	-1
958	0	-1
959	0	-1
960	0	-1
961	0	-1
962	0	-1
963	0	-1
964	0	-1
965	0	-1
966	0	-1
967	0	-1
968	0	-1
969	0	-1
970	0	-1
971	0	-1
972	0	-1
973	0	-1
974	0	-1
975	0	-1
976	0	-1
977	0	-1
978	0	-1
979	0	-1
980	0	-1
981	0	-1
982	0	-1
983	0	-1
984	0	-1
985	0	-1
986	0	-1
987	0	-1
988	0	-1
989	0	-1
990	0	-1
991	0	-1
992	0	-1
993	0	-1
994	0	-1
995	0	-1
996	0	-1
997	0	-1
998	0	-1
999	0	-1
1000	0	-1
1001	0	-1
1002	0	-1
1003	0	-1
1004	0	-1
1005	0	-1
1006	0	-1
1007	0	-1
1008	0	-1
1009	0	-1
1010	0	-1
1011	0	-1
1012	0	-1
1013	0	-1
1014	0	-1
1015	0	-1
1016	0	-1
1017	0	-1
1018	0	-1
1019	0	-1
1020	0	-1
1021	0	-1
1022	0	-1
1023	0	-1
1024	0	-1
1025	0	-1
1026	0	-1
1027	0	-1
1028	0	-1
1029	0	-1
1030	0	-1
1031	0	-1
1032	0	-1
1033	0	-1
1034	0	-1
1035	0	-1
1036	0	-1
1037	0	-1
1038	0	-1
1039	0	-1
1040	0	-1
1041	0	-1
1042	0	-1
1043	0	-1
1044	0	-1
1045	0	-1
1046	0	-1
1047	0	-1
1048	0	-1
1049	0	-1
1050	0	-1
1051	0	-1
1052	0	-1
1053	0	-1
1054	0	-1
1055	0	-1
1056	0	-1
1057	0	-1
1058	0	-1
1059	0	-1
1060	0	-1
1061	0	-1
1062	0	-1
1063	0	-1
1064	0	-1
1065	0	-1
1066	0	-1
1067	0	-1
1068	0	-1
1069	0	-1
1070	0	-1
1071	0	-1
1072	0	-1
1073	0	-1
1074	0	-1
1075	0	-1
1076	0	-1
1077	0	-1
1078	0	-1
1079	0	-1
1080	0	-1
1081	0	-1
1082	0	-1
1083	0	-1
1084	0	-1
1085	0	-1
1086	0	-1
1087	0	-1
1088	0	-1
1089	0	-1
1090	0	-1
1091	0	-1
1092	0	-1
1093	0	-1
1094	0	-1
1095	0	-1
1096	0	-1
1097	0	-1
1098	0	-1
1099	0	-1
1100	0	-1
1101	0	-1
1102	0	-1
1103	0	-1
1104	0	-1
1105	0	-1
1106	0	-1
1107	0	-1
1108	0	-1
1109	0	-1
1110	0	-1
1111	0	-1
1112	0	-0.833333333333333
1113	0	-0.666666666666667
1114	0	-0.5
1115	0	-0.333333333333333
1116	0	-0.166666666666667
1117	0	0
