position	positive	negative
1	0	-0.166666666666667
2	0	-0.333333333333333
3	0	-0.5
4	0	-0.666666666666667
5	0	-0.833333333333333
6	0	-1
7	0	-1
8	0	-1
9	0	-1
10	0	-1
11	0	-1
12	0	-1
13	0	-1
14	0	-1
15	0	-1
16	0	-0.666666666666667
17	0	-0.5
18	0	-0.666666666666667
19	0	-0.333333333333333
20	0	0
21	0.333333333333333	0
22	0.333333333333333	0
23	0.333333333333333	0
24	0.666666666666667	0
25	1	0
26	0.666666666666667	0
27	0.666666666666667	0
28	1	0
29	1	0
30	1	0
31	1	0
32	1	0
33	1	0
34	1	0
35	1	0
36	1	0
37	1	0
38	1	0
39	1	0
40	1	0
41	1	0
42	1	0
43	1	0
44	1	0
45	1	0
46	1	0
47	0.666666666666667	0
48	0.333333333333333	0
49	0	0
50	0	0
51	0.333333333333333	0
52	0.333333333333333	0
53	0.666666666666667	0
54	1	0
55	1	0
56	1	0
57	1	0
58	1	0
59	1	0
60	1	0
61	1	0
62	1	0
63	1	0
64	1	0
65	1	0
66	1	0
67	1	0
68	1	0
69	1	0
70	1	0
71	1	0
72	1	0
73	1	0
74	0.666666666666667	0
75	0.333333333333333	0
76	0	0
77	0	-0.333333333333333
78	0	-0.666666666666667
79	0	-1
80	0	-1
81	0	-1
82	0	-1
83	0	-1
84	0	-1
85	0	-1
86	0	-1
87	0	-1
88	0	-1
89	0	-1
90	0	-1
91	0	-1
92	0	-1
93	0	-1
94	0	-1
95	0	-1
96	0	-1
97	0	-1
98	0	-1
99	0	-1
100	0	-0.666666666666667
101	0	-0.333333333333333
102	0	0
103	0.333333333333333	0
104	0.666666666666667	0
105	1	0
106	1	0
107	1	0
108	1	0
109	1	0
110	1	0
111	0.666666666666667	0
112	0.333333333333333	0
113	0.333333333333333	0
114	0.333333333333333	0
115	0.333333333333333	0
116	0.333333333333333	0
117	0.333333333333333	0
118	0.333333333333333	0
119	0.333333333333333	0
120	0.333333333333333	0
121	0.666666666666667	0
122	1	0
123	1	0
124	1	0
125	1	0
126	1	0
127	1	0
128	1	0
129	1	0
130	1	0
131	1	0
132	1	0
133	0.666666666666667	0
134	0.5	0
135	0.333333333333333	0
136	0.333333333333333	0
137	0	0
138	0	0
139	0	-0.166666666666667
140	0	-0.5
141	0	-0.833333333333333
142	0	-1
143	0	-1
144	0	-1
145	0	-1
146	0	-1
147	0	-1
148	0	-1
149	0	-1
150	0	-1
151	0	-0.833333333333333
152	0	-1
153	0	-0.666666666666667
154	0	-0.666666666666667
155	0	-0.666666666666667
156	0	-0.333333333333333
157	0	0
158	0.333333333333333	0
159	0.666666666666667	0
160	1	0
161	1	0
162	1	0
163	1	0
164	1	0
165	1	0
166	1	0
167	1	0
168	1	0
169	1	0
170	1	0
171	1	0
172	1	0
173	0.666666666666667	0
174	1	0
175	1	0
176	1	0
177	1	0
178	1	0
179	1	0
180	1	0
181	1	0
182	1	0
183	1	0
184	1	0
185	1	0
186	1	0
187	1	0
188	1	0
189	1	0
190	1	0
191	1	0
192	1	0
193	1	0
194	1	0
195	1	0
196	1	0
197	1	0
198	1	0
199	1	0
200	1	0
201	1	0
202	1	0
203	1	0
204	1	0
205	1	0
206	1	0
207	1	0
208	1	0
209	1	0
210	1	0
211	1	0
212	1	0
213	1	0
214	1	0
215	1	0
216	0.666666666666667	0
217	0.666666666666667	0
218	0.666666666666667	0
219	0.833333333333333	0
220	0.666666666666667	0
221	0.5	0
222	0.333333333333333	0
223	0.666666666666667	0
224	0.666666666666667	0
225	0.666666666666667	0
226	0.666666666666667	0
227	0.666666666666667	0
228	1	0
229	1	0
230	1	0
231	1	0
232	1	0
233	1	0
234	1	0
235	1	0
236	1	0
237	1	0
238	1	0
239	1	0
240	1	0
241	1	0
242	1	0
243	1	0
244	1	0
245	1	0
246	0.666666666666667	0
247	0.333333333333333	0
248	0	0
249	0	-0.333333333333333
250	0	-0.666666666666667
251	0	-0.666666666666667
252	0	-0.666666666666667
253	0	-1
254	0	-1
255	0	-1
256	0	-1
257	0	-1
258	0	-1
259	0	-1
260	0	-1
261	0	-1
262	0	-1
263	0	-1
264	0	-1
265	0	-1
266	0	-0.666666666666667
267	0	-0.333333333333333
268	0	-0.333333333333333
269	0	-0.166666666666667
270	0	0
271	0	0
272	0	-0.333333333333333
273	0	-0.5
274	0	-0.666666666666667
275	0	-1
276	0	-1
277	0	-1
278	0	-1
279	0	-1
280	0	-1
281	0	-1
282	0	-1
283	0	-1
284	0	-1
285	0	-1
286	0	-1
287	0	-1
288	0	-1
289	0	-1
290	0	-1
291	0	-1
292	0	-1
293	0	-1
294	0	-1
295	0	-1
296	0	-1
297	0	-1
298	0	-1
299	0	-1
300	0	-1
301	0	-1
302	0	-1
303	0	-1
304	0	-0.666666666666667
305	0	-0.666666666666667
306	0	-0.333333333333333
307	0	0
308	0.333333333333333	0
309	0.666666666666667	0
310	1	0
311	1	0
312	1	0
313	1	0
314	1	0
315	1	0
316	1	0
317	1	0
318	1	0
319	1	0
320	1	0
321	0.666666666666667	0
322	0.5	0
323	0.333333333333333	0
324	0.333333333333333	0
325	0.333333333333333	0
326	0.333333333333333	0
327	0.666666666666667	0
328	0.833333333333333	0
329	1	0
330	1	0
331	1	0
332	1	0
333	1	0
334	1	0
335	1	0
336	1	0
337	1	0
338	1	0
339	1	0
340	1	0
341	1	0
342	1	0
343	1	0
344	1	0
345	1	0
346	1	0
347	1	0
348	1	0
349	1	0
350	1	0
351	1	0
352	1	0
353	1	0
354	1	0
355	1	0
356	1	0
357	1	0
358	1	0
359	1	0
360	1	0
361	1	0
362	1	0
363	1	0
364	1	0
365	1	0
366	1	0
367	1	0
368	1	0
369	1	0
370	1	0
371	1	0
372	1	0
373	1	0
374	1	0
375	1	0
376	1	0
377	1	0
378	1	0
379	1	0
380	1	0
381	1	0
382	1	0
383	1	0
384	1	0
385	1	0
386	1	0
387	1	0
388	1	0
389	1	0
390	1	0
391	1	0
392	1	0
393	1	0
394	1	0
395	1	0
396	1	0
397	1	0
398	1	0
399	1	0
400	1	0
401	1	0
402	1	0
403	1	0
404	1	0
405	1	0
406	1	0
407	1	0
408	1	0
409	1	0
410	1	0
411	1	0
412	1	0
413	1	0
414	1	0
415	1	0
416	1	0
417	1	0
418	1	0
419	1	0
420	1	0
421	1	0
422	1	0
423	1	0
424	1	0
425	1	0
426	1	0
427	1	0
428	1	0
429	1	0
430	1	0
431	1	0
432	1	0
433	1	0
434	1	0
435	1	0
436	1	0
437	1	0
438	1	0
439	1	0
440	1	0
441	1	0
442	1	0
443	1	0
444	1	0
445	1	0
446	1	0
447	1	0
448	1	0
449	1	0
450	1	0
451	1	0
452	1	0
453	1	0
454	1	0
455	1	0
456	1	0
457	1	0
458	1	0
459	1	0
460	1	0
461	1	0
462	1	0
463	1	0
464	1	0
465	1	0
466	1	0
467	1	0
468	1	0
469	1	0
470	1	0
471	1	0
472	1	0
473	1	0
474	1	0
475	1	0
476	1	0
477	1	0
478	1	0
479	1	0
480	1	0
481	1	0
482	1	0
483	1	0
484	1	0
485	1	0
486	1	0
487	1	0
488	1	0
489	1	0
490	1	0
491	1	0
492	1	0
493	1	0
494	1	0
495	1	0
496	1	0
497	1	0
498	1	0
499	1	0
500	1	0
501	1	0
502	0.666666666666667	0
503	0.333333333333333	0
504	0	0
505	0	-0.333333333333333
506	0	-0.666666666666667
507	0	-1
508	0	-1
509	0	-1
510	0	-1
511	0	-1
512	0	-1
513	0	-1
514	0	-1
515	0	-1
516	0	-1
517	0	-0.833333333333333
518	0	-0.666666666666667
519	0	-0.5
520	0	-0.333333333333333
521	0	-0.166666666666667
522	0	0
