position	positive	negative
1	0	-0.166666666666667
2	0	-0.333333333333333
3	0	-0.5
4	0	-0.666666666666667
5	0	-0.833333333333333
6	0	-1
7	0	-1
8	0	-1
9	0	-1
10	0	-1
11	0	-1
12	0	-1
13	0	-1
14	0	-1
15	0	-1
16	0	-1
17	0	-1
18	0	-1
19	0	-1
20	0	-1
21	0	-1
22	0	-1
23	0	-1
24	0	-1
25	0	-1
26	0	-1
27	0	-1
28	0	-1
29	0	-1
30	0	-1
31	0	-1
32	0	-1
33	0	-1
34	0	-1
35	0	-1
36	0	-1
37	0	-1
38	0	-1
39	0	-1
40	0	-1
41	0	-1
42	0	-1
43	0	-1
44	0	-1
45	0	-1
46	0	-1
47	0	-1
48	0	-1
49	0	-1
50	0	-1
51	0	-1
52	0	-1
53	0	-1
54	0	-1
55	0	-1
56	0	-1
57	0	-1
58	0	-1
59	0	-1
60	0	-1
61	0	-1
62	0	-1
63	0	-1
64	0	-1
65	0	-1
66	0	-1
67	0	-1
68	0	-1
69	0	-1
70	0	-1
71	0	-1
72	0	-1
73	0	-1
74	0	-1
75	0	-1
76	0	-1
77	0	-0.666666666666667
78	0	-0.333333333333333
79	0	0
80	0.333333333333333	0
81	0.666666666666667	0
82	1	0
83	1	0
84	1	0
85	1	0
86	1	0
87	1	0
88	1	0
89	1	0
90	1	0
91	1	0
92	1	0
93	1	0
94	1	0
95	0.666666666666667	0
96	0.666666666666667	0
97	0.666666666666667	0
98	0.666666666666667	0
99	0.666666666666667	0
100	1	0
101	1	0
102	1	0
103	1	0
104	1	0
105	1	0
106	1	0
107	1	0
108	1	0
109	1	0
110	1	0
111	1	0
112	1	0
113	1	0
114	0.666666666666667	0
115	0.333333333333333	0
116	0	0
117	0.333333333333333	0
118	0.333333333333333	0
119	0.333333333333333	0
120	0.333333333333333	0
121	0.666666666666667	0
122	1	0
123	1	0
124	1	0
125	1	0
126	1	0
127	1	0
128	1	0
129	1	0
130	1	0
131	1	0
132	1	0
133	1	0
134	1	0
135	1	0
136	1	0
137	1	0
138	1	0
139	1	0
140	1	0
141	1	0
142	1	0
143	1	0
144	1	0
145	1	0
146	1	0
147	0.666666666666667	0
148	0.333333333333333	0
149	0	0
150	0	0
151	0	0
152	0	0
153	0	-0.333333333333333
154	0	-0.333333333333333
155	0	-0.333333333333333
156	0	-0.666666666666667
157	0	-1
158	0	-1
159	0	-1
160	0	-0.666666666666667
161	0	-0.333333333333333
162	0	0
163	0.333333333333333	0
164	0.666666666666667	0
165	1	0
166	1	0
167	1	0
168	1	0
169	1	0
170	1	0
171	1	0
172	1	0
173	1	0
174	1	0
175	1	0
176	1	0
177	1	0
178	1	0
179	1	0
180	1	0
181	0.666666666666667	0
182	0.666666666666667	0
183	0.333333333333333	0
184	0	0
185	0	-0.333333333333333
186	0	-0.666666666666667
187	0	-0.666666666666667
188	0	-1
189	0	-1
190	0	-1
191	0	-1
192	0	-1
193	0	-1
194	0	-1
195	0	-1
196	0	-1
197	0	-1
198	0	-1
199	0	-1
200	0	-1
201	0	-1
202	0	-1
203	0	-1
204	0	-1
205	0	-1
206	0	-1
207	0	-1
208	0	-1
209	0	-1
210	0	-1
211	0	-1
212	0	-1
213	0	-1
214	0	-1
215	0	-1
216	0	-0.666666666666667
217	0	-0.666666666666667
218	0	-0.666666666666667
219	0	-0.333333333333333
220	0	0
221	0	0
222	0.333333333333333	0
223	0.333333333333333	0
224	0.333333333333333	0
225	0.666666666666667	0
226	0.666666666666667	0
227	0.666666666666667	0
228	1	0
229	1	0
230	1	0
231	1	0
232	1	0
233	1	0
234	1	0
235	1	0
236	1	0
237	1	0
238	1	0
239	1	0
240	1	0
241	1	0
242	0.666666666666667	0
243	0.333333333333333	0
244	0	0
245	0	-0.333333333333333
246	0	-0.666666666666667
247	0	-1
248	0	-1
249	0	-0.666666666666667
250	0	-0.333333333333333
251	0	0
252	0.333333333333333	0
253	0.666666666666667	0
254	1	0
255	1	0
256	1	0
257	1	0
258	1	0
259	1	0
260	1	0
261	1	0
262	1	0
263	1	0
264	1	0
265	1	0
266	1	0
267	1	0
268	1	0
269	1	0
270	1	0
271	1	0
272	1	0
273	0.666666666666667	0
274	0.666666666666667	0
275	0.666666666666667	0
276	0.333333333333333	0
277	0.333333333333333	0
278	0.333333333333333	0
279	0.333333333333333	0
280	0	0
281	0	-0.333333333333333
282	0	-0.333333333333333
283	0	0
284	0	0
285	0.333333333333333	0
286	0.666666666666667	0
287	0.666666666666667	0
288	0.666666666666667	0
289	1	0
290	1	0
291	1	0
292	1	0
293	1	0
294	1	0
295	1	0
296	1	0
297	0.666666666666667	0
298	0.333333333333333	0
299	0.333333333333333	0
300	0	0
301	0	-0.333333333333333
302	0	-0.666666666666667
303	0	-0.333333333333333
304	0	-0.333333333333333
305	0	0
306	0.333333333333333	0
307	0.666666666666667	0
308	1	0
309	1	0
310	1	0
311	1	0
312	1	0
313	1	0
314	1	0
315	1	0
316	0.666666666666667	0
317	0.666666666666667	0
318	1	0
319	0.666666666666667	0
320	0.333333333333333	0
321	0.666666666666667	0
322	0.333333333333333	0
323	0.333333333333333	0
324	0.333333333333333	0
325	0.666666666666667	0
326	0.666666666666667	0
327	0.666666666666667	0
328	1	0
329	1	0
330	0.666666666666667	0
331	0.333333333333333	0
332	0	0
333	0	-0.333333333333333
334	0	-0.333333333333333
335	0	-0.333333333333333
336	0	0
337	0.333333333333333	0
338	0.666666666666667	0
339	1	0
340	1	0
341	1	0
342	1	0
343	1	0
344	1	0
345	1	0
346	1	0
347	1	0
348	0.666666666666667	0
349	0.666666666666667	0
350	0.333333333333333	0
351	0	0
352	0	-0.333333333333333
353	0	-0.666666666666667
354	0	-1
355	0	-1
356	0	-1
357	0	-1
358	0	-1
359	0	-1
360	0	-1
361	0	-1
362	0	-1
363	0	-1
364	0	-1
365	0	-1
366	0	-1
367	0	-1
368	0	-1
369	0	-1
370	0	-1
371	0	-0.666666666666667
372	0	-0.666666666666667
373	0	-0.333333333333333
374	0	0
375	0.333333333333333	0
376	0.666666666666667	0
377	0.333333333333333	0
378	0.333333333333333	0
379	0	0
380	0	-0.333333333333333
381	0	-0.666666666666667
382	0	-1
383	0	-0.666666666666667
384	0	-1
385	0	-1
386	0	-1
387	0	-1
388	0	-1
389	0	-1
390	0	-1
391	0	-0.666666666666667
392	0	-0.333333333333333
393	0	0
394	0.333333333333333	0
395	0.666666666666667	0
396	1	0
397	0.666666666666667	0
398	0.333333333333333	0
399	0	0
400	0	0
401	0	-0.333333333333333
402	0	0
403	0	-0.333333333333333
404	0	-0.333333333333333
405	0	-0.666666666666667
406	0	-0.666666666666667
407	0	-0.666666666666667
408	0	-1
409	0	-1
410	0	-1
411	0	-1
412	0	-1
413	0	-1
414	0	-0.666666666666667
415	0	-0.333333333333333
416	0	-0.333333333333333
417	0	0
418	0.333333333333333	0
419	0.666666666666667	0
420	0.666666666666667	0
421	0.666666666666667	0
422	0.666666666666667	0
423	0.333333333333333	0
424	0.333333333333333	0
425	0	0
426	0	-0.333333333333333
427	0	-0.666666666666667
428	0	-0.333333333333333
429	0	-0.666666666666667
430	0	-0.666666666666667
431	0	-0.666666666666667
432	0	-0.666666666666667
433	0	-0.666666666666667
434	0	-1
435	0	-1
436	0	-1
437	0	-1
438	0	-1
439	0	-1
440	0	-1
441	0	-1
442	0	-0.666666666666667
443	0	-0.333333333333333
444	0	0
445	0.333333333333333	0
446	0.666666666666667	0
447	0.666666666666667	0
448	0.333333333333333	0
449	0.666666666666667	0
450	1	0
451	0.666666666666667	0
452	0.666666666666667	0
453	0.666666666666667	0
454	0.666666666666667	0
455	0.333333333333333	0
456	0	0
457	0	0
458	0	0
459	0	0
460	0.333333333333333	0
461	0.333333333333333	0
462	0.333333333333333	0
463	0	0
464	0	0
465	0	0
466	0	0
467	0	0
468	0	-0.333333333333333
469	0	-0.333333333333333
470	0	-0.666666666666667
471	0	-0.666666666666667
472	0	-1
473	0	-1
474	0	-1
475	0	-1
476	0	-1
477	0	-1
478	0	-1
479	0	-1
480	0	-1
481	0	-1
482	0	-1
483	0	-1
484	0	-1
485	0	-1
486	0	-1
487	0	-1
488	0	-0.833333333333333
489	0	-0.666666666666667
490	0	-0.5
491	0	-0.333333333333333
492	0	-0.166666666666667
493	0	0
