position	positive	negative
1	0	-0.166666666666667
2	0	-0.333333333333333
3	0	-0.5
4	0	-0.666666666666667
5	0	-0.833333333333333
6	0	-1
7	0	-1
8	0	-1
9	0	-1
10	0	-1
11	0	-1
12	0	-1
13	0	-1
14	0	-1
15	0	-1
16	0	-1
17	0	-1
18	0	-1
19	0	-1
20	0	-1
21	0	-1
22	0	-1
23	0	-1
24	0	-1
25	0	-1
26	0	-1
27	0	-1
28	0	-1
29	0	-1
30	0	-1
31	0	-1
32	0	-1
33	0	-1
34	0	-1
35	0	-1
36	0	-1
37	0	-1
38	0	-1
39	0	-1
40	0	-1
41	0	-1
42	0	-1
43	0	-1
44	0	-1
45	0	-1
46	0	-1
47	0	-1
48	0	-1
49	0	-1
50	0	-1
51	0	-1
52	0	-1
53	0	-1
54	0	-1
55	0	-1
56	0	-1
57	0	-1
58	0	-1
59	0	-1
60	0	-1
61	0	-1
62	0	-1
63	0	-1
64	0	-1
65	0	-1
66	0	-1
67	0	-1
68	0	-1
69	0	-1
70	0	-1
71	0	-1
72	0	-1
73	0	-1
74	0	-1
75	0	-1
76	0	-1
77	0	-1
78	0	-1
79	0	-1
80	0	-1
81	0	-1
82	0	-1
83	0	-1
84	0	-1
85	0	-1
86	0	-1
87	0	-1
88	0	-1
89	0	-1
90	0	-1
91	0	-1
92	0	-1
93	0	-1
94	0	-1
95	0	-1
96	0	-1
97	0	-1
98	0	-1
99	0	-1
100	0	-1
101	0	-1
102	0	-1
103	0	-1
104	0	-1
105	0	-1
106	0	-1
107	0	-1
108	0	-1
109	0	-1
110	0	-1
111	0	-1
112	0	-1
113	0	-1
114	0	-1
115	0	-1
116	0	-1
117	0	-1
118	0	-1
119	0	-1
120	0	-1
121	0	-1
122	0	-1
123	0	-1
124	0	-1
125	0	-1
126	0	-1
127	0	-1
128	0	-1
129	0	-1
130	0	-1
131	0	-1
132	0	-1
133	0	-1
134	0	-1
135	0	-1
136	0	-1
137	0	-1
138	0	-1
139	0	-1
140	0	-1
141	0	-1
142	0	-1
143	0	-1
144	0	-1
145	0	-1
146	0	-1
147	0	-1
148	0	-1
149	0	-1
150	0	-1
151	0	-1
152	0	-1
153	0	-1
154	0	-1
155	0	-1
156	0	-1
157	0	-1
158	0	-1
159	0	-1
160	0	-1
161	0	-1
162	0	-1
163	0	-1
164	0	-1
165	0	-1
166	0	-1
167	0	-1
168	0	-1
169	0	-1
170	0	-1
171	0	-1
172	0	-1
173	0	-1
174	0	-1
175	0	-1
176	0	-1
177	0	-1
178	0	-1
179	0	-1
180	0	-1
181	0	-1
182	0	-1
183	0	-1
184	0	-1
185	0	-1
186	0	-1
187	0	-1
188	0	-1
189	0	-1
190	0	-1
191	0	-1
192	0	-1
193	0	-1
194	0	-1
195	0	-1
196	0	-1
197	0	-1
198	0	-1
199	0	-1
200	0	-1
201	0	-1
202	0	-1
203	0	-1
204	0	-1
205	0	-1
206	0	-1
207	0	-1
208	0	-1
209	0	-1
210	0	-1
211	0	-1
212	0	-1
213	0	-1
214	0	-1
215	0	-1
216	0	-1
217	0	-1
218	0	-1
219	0	-1
220	0	-1
221	0	-1
222	0	-1
223	0	-1
224	0	-1
225	0	-1
226	0	-1
227	0	-1
228	0	-1
229	0	-1
230	0	-1
231	0	-1
232	0	-1
233	0	-1
234	0	-1
235	0	-1
236	0	-1
237	0	-1
238	0	-1
239	0	-1
240	0	-1
241	0	-1
242	0	-1
243	0	-1
244	0	-1
245	0	-1
246	0	-1
247	0	-1
248	0	-1
249	0	-1
250	0	-1
251	0	-1
252	0	-1
253	0	-1
254	0	-1
255	0	-1
256	0	-1
257	0	-1
258	0	-1
259	0	-1
260	0	-1
261	0	-1
262	0	-0.833333333333333
263	0	-0.833333333333333
264	0	-0.666666666666667
265	0	-0.333333333333333
266	0	-0.333333333333333
267	0	-0.333333333333333
268	0	-0.333333333333333
269	0	-0.333333333333333
270	0	-0.5
271	0	-0.333333333333333
272	0	-0.333333333333333
273	0	0
274	0.166666666666667	0
275	0	0
276	0.333333333333333	0
277	0.333333333333333	0
278	0.166666666666667	0
279	0	-0.166666666666667
280	0	-0.5
281	0	-0.5
282	0	-0.666666666666667
283	0	-0.666666666666667
284	0	-0.333333333333333
285	0	0
286	0.166666666666667	0
287	0.5	0
288	0.833333333333333	0
289	1	0
290	1	0
291	1	0
292	1	0
293	1	0
294	1	0
295	1	0
296	1	0
297	1	0
298	1	0
299	1	0
300	1	0
301	1	0
302	1	0
303	1	0
304	1	0
305	1	0
306	1	0
307	1	0
308	1	0
309	1	0
310	1	0
311	1	0
312	1	0
313	1	0
314	1	0
315	1	0
316	1	0
317	1	0
318	0.666666666666667	0
319	0.666666666666667	0
320	0.666666666666667	0
321	0.666666666666667	0
322	0.666666666666667	0
323	0.666666666666667	0
324	1	0
325	0.666666666666667	0
326	1	0
327	1	0
328	1	0
329	1	0
330	1	0
331	1	0
332	1	0
333	0.666666666666667	0
334	0.333333333333333	0
335	0	0
336	0	-0.333333333333333
337	0	-0.666666666666667
338	0	-1
339	0	-1
340	0	-1
341	0	-1
342	0	-1
343	0	-1
344	0	-1
345	0	-1
346	0	-0.666666666666667
347	0	-0.333333333333333
348	0	-0.333333333333333
349	0	-0.333333333333333
350	0	0
351	0	0
352	0	-0.333333333333333
353	0	-0.666666666666667
354	0	-1
355	0	-1
356	0	-1
357	0	-1
358	0	-0.666666666666667
359	0	-0.333333333333333
360	0	0
361	0.166666666666667	0
362	0.5	0
363	0.666666666666667	0
364	0.833333333333333	0
365	1	0
366	1	0
367	1	0
368	1	0
369	1	0
370	1	0
371	1	0
372	1	0
373	1	0
374	1	0
375	1	0
376	1	0
377	1	0
378	1	0
379	1	0
380	1	0
381	1	0
382	1	0
383	1	0
384	1	0
385	1	0
386	1	0
387	1	0
388	1	0
389	1	0
390	1	0
391	1	0
392	1	0
393	1	0
394	1	0
395	1	0
396	1	0
397	1	0
398	1	0
399	1	0
400	1	0
401	1	0
402	1	0
403	1	0
404	1	0
405	1	0
406	1	0
407	1	0
408	1	0
409	1	0
410	1	0
411	1	0
412	1	0
413	1	0
414	1	0
415	1	0
416	1	0
417	1	0
418	1	0
419	1	0
420	1	0
421	1	0
422	1	0
423	1	0
424	1	0
425	1	0
426	1	0
427	1	0
428	1	0
429	1	0
430	1	0
431	1	0
432	1	0
433	1	0
434	1	0
435	1	0
436	1	0
437	1	0
438	1	0
439	1	0
440	1	0
441	1	0
442	1	0
443	1	0
444	1	0
445	1	0
446	1	0
447	1	0
448	1	0
449	1	0
450	1	0
451	1	0
452	1	0
453	1	0
454	1	0
455	1	0
456	0.666666666666667	0
457	0.666666666666667	0
458	0.666666666666667	0
459	0.666666666666667	0
460	0.666666666666667	0
461	0.666666666666667	0
462	1	0
463	1	0
464	1	0
465	1	0
466	1	0
467	1	0
468	1	0
469	1	0
470	1	0
471	1	0
472	1	0
473	1	0
474	1	0
475	1	0
476	1	0
477	1	0
478	1	0
479	0.666666666666667	0
480	0.333333333333333	0
481	0	0
482	0	-0.333333333333333
483	0	-0.666666666666667
484	0	-1
485	0	-0.666666666666667
486	0	-0.333333333333333
487	0	0
488	0	0
489	0	0
490	0	0
491	0	0
492	0	-0.333333333333333
493	0	-0.666666666666667
494	0	-0.666666666666667
495	0	-0.666666666666667
496	0	-0.666666666666667
497	0	-0.666666666666667
498	0	-0.666666666666667
499	0	-0.666666666666667
500	0	-0.666666666666667
501	0	-0.833333333333333
502	0	-0.5
503	0	-0.166666666666667
504	0	0
505	0.333333333333333	0
506	0.666666666666667	0
507	1	0
508	1	0
509	1	0
510	1	0
511	1	0
512	1	0
513	1	0
514	0.666666666666667	0
515	0.666666666666667	0
516	0.333333333333333	0
517	0.333333333333333	0
518	0.333333333333333	0
519	0.666666666666667	0
520	0.666666666666667	0
521	0.666666666666667	0
522	0.666666666666667	0
523	0.333333333333333	0
524	0.333333333333333	0
525	0.333333333333333	0
526	0.333333333333333	0
527	0.333333333333333	0
528	0.333333333333333	0
529	0.666666666666667	0
530	0.333333333333333	0
531	0.166666666666667	0
532	0	0
533	0	-0.333333333333333
534	0	-0.666666666666667
535	0	-0.833333333333333
536	0	-0.666666666666667
537	0	-0.333333333333333
538	0	0
539	0.333333333333333	0
540	0.666666666666667	0
541	1	0
542	1	0
543	0.666666666666667	0
544	1	0
545	0.666666666666667	0
546	0.666666666666667	0
547	0.333333333333333	0
548	0.333333333333333	0
549	0.333333333333333	0
550	0	0
551	0	0
552	0.333333333333333	0
553	0.333333333333333	0
554	0.333333333333333	0
555	0.5	0
556	0.666666666666667	0
557	1	0
558	1	0
559	1	0
560	1	0
561	1	0
562	1	0
563	1	0
564	0.666666666666667	0
565	0.666666666666667	0
566	0.833333333333333	0
567	1	0
568	1	0
569	1	0
570	1	0
571	1	0
572	1	0
573	1	0
574	1	0
575	0.666666666666667	0
576	0.666666666666667	0
577	0.833333333333333	0
578	0.833333333333333	0
579	0.666666666666667	0
580	0.333333333333333	0
581	0	0
582	0	0
583	0	0
584	0	-0.333333333333333
585	0	-0.5
586	0	-0.333333333333333
587	0	-0.666666666666667
588	0	-1
589	0	-0.833333333333333
590	0	-0.666666666666667
591	0	-0.833333333333333
592	0	-1
593	0	-1
594	0	-1
595	0	-1
596	0	-1
597	0	-1
598	0	-1
599	0	-1
600	0	-1
601	0	-1
602	0	-0.666666666666667
603	0	-0.333333333333333
604	0	0
605	0.333333333333333	0
606	0.666666666666667	0
607	0.333333333333333	0
608	0.333333333333333	0
609	0	0
610	0	-0.333333333333333
611	0	-0.333333333333333
612	0	-0.666666666666667
613	0	-1
614	0	-1
615	0	-1
616	0	-1
617	0	-1
618	0	-1
619	0	-1
620	0	-1
621	0	-1
622	0	-1
623	0	-1
624	0	-1
625	0	-1
626	0	-1
627	0	-1
628	0	-1
629	0	-1
630	0	-1
631	0	-1
632	0	-1
633	0	-1
634	0	-1
635	0	-1
636	0	-1
637	0	-1
638	0	-1
639	0	-1
640	0	-1
641	0	-1
642	0	-1
643	0	-1
644	0	-1
645	0	-1
646	0	-1
647	0	-1
648	0	-1
649	0	-1
650	0	-1
651	0	-1
652	0	-1
653	0	-1
654	0	-1
655	0	-1
656	0	-1
657	0	-1
658	0	-1
659	0	-1
660	0	-1
661	0	-1
662	0	-1
663	0	-1
664	0	-1
665	0	-1
666	0	-1
667	0	-1
668	0	-1
669	0	-1
670	0	-1
671	0	-1
672	0	-1
673	0	-1
674	0	-1
675	0	-1
676	0	-1
677	0	-1
678	0	-1
679	0	-1
680	0	-1
681	0	-1
682	0	-1
683	0	-1
684	0	-1
685	0	-1
686	0	-0.833333333333333
687	0	-0.666666666666667
688	0	-0.5
689	0	-0.333333333333333
690	0	-0.166666666666667
691	0	0
