position	positive	negative
1	0	-0.166666666666667
2	0	-0.333333333333333
3	0	-0.5
4	0	-0.666666666666667
5	0	-0.833333333333333
6	0	-1
7	0	-1
8	0	-1
9	0	-1
10	0	-1
11	0	-1
12	0	-1
13	0	-1
14	0	-1
15	0	-1
16	0	-1
17	0	-1
18	0	-1
19	0	-1
20	0	-1
21	0	-1
22	0	-1
23	0	-1
24	0	-1
25	0	-1
26	0	-1
27	0	-1
28	0	-1
29	0	-1
30	0	-1
31	0	-1
32	0	-1
33	0	-1
34	0	-1
35	0	-1
36	0	-1
37	0	-1
38	0	-1
39	0	-1
40	0	-1
41	0	-1
42	0	-1
43	0	-1
44	0	-1
45	0	-1
46	0	-1
47	0	-1
48	0	-1
49	0	-1
50	0	-1
51	0	-1
52	0	-1
53	0	-1
54	0	-1
55	0	-1
56	0	-1
57	0	-1
58	0	-1
59	0	-1
60	0	-1
61	0	-1
62	0	-1
63	0	-1
64	0	-1
65	0	-1
66	0	-1
67	0	-1
68	0	-1
69	0	-1
70	0	-1
71	0	-1
72	0	-0.833333333333333
73	0	-1
74	0	-1
75	0	-1
76	0	-1
77	0	-1
78	0	-1
79	0	-1
80	0	-1
81	0	-1
82	0	-1
83	0	-1
84	0	-1
85	0	-1
86	0	-1
87	0	-1
88	0	-1
89	0	-1
90	0	-1
91	0	-1
92	0	-1
93	0	-1
94	0	-1
95	0	-1
96	0	-1
97	0	-1
98	0	-1
99	0	-1
100	0	-1
101	0	-1
102	0	-0.666666666666667
103	0	-0.666666666666667
104	0	-0.333333333333333
105	0	0
106	0.333333333333333	0
107	0.333333333333333	0
108	0.333333333333333	0
109	0.666666666666667	0
110	1	0
111	1	0
112	1	0
113	1	0
114	1	0
115	1	0
116	1	0
117	1	0
118	0.666666666666667	0
119	1	0
120	1	0
121	1	0
122	1	0
123	1	0
124	1	0
125	1	0
126	1	0
127	1	0
128	1	0
129	0.833333333333333	0
130	0.666666666666667	0
131	0.5	0
132	0.333333333333333	0
133	0.333333333333333	0
134	0	0
135	0	0
136	0	0
137	0	0
138	0	0
139	0	0
140	0.333333333333333	0
141	0.666666666666667	0
142	1	0
143	1	0
144	1	0
145	1	0
146	1	0
147	1	0
148	1	0
149	1	0
150	1	0
151	1	0
152	1	0
153	1	0
154	1	0
155	1	0
156	1	0
157	0.666666666666667	0
158	0.333333333333333	0
159	0	0
160	0	-0.333333333333333
161	0	-0.666666666666667
162	0	-1
163	0	-1
164	0	-1
165	0	-1
166	0	-1
167	0	-1
168	0	-1
169	0	-1
170	0	-0.666666666666667
171	0	-0.333333333333333
172	0	0
173	0.333333333333333	0
174	0.666666666666667	0
175	0.833333333333333	0
176	1	0
177	1	0
178	1	0
179	1	0
180	1	0
181	1	0
182	1	0
183	1	0
184	1	0
185	1	0
186	1	0
187	1	0
188	1	0
189	1	0
190	1	0
191	1	0
192	1	0
193	1	0
194	1	0
195	1	0
196	1	0
197	1	0
198	1	0
199	1	0
200	0.666666666666667	0
201	0.666666666666667	0
202	0.333333333333333	0
203	0	0
204	0	0
205	0	0
206	0	0
207	0	0
208	0.333333333333333	0
209	0.333333333333333	0
210	0.666666666666667	0
211	1	0
212	1	0
213	1	0
214	1	0
215	1	0
216	1	0
217	1	0
218	1	0
219	0.666666666666667	0
220	0.5	0
221	0.333333333333333	0
222	0	0
223	0	-0.333333333333333
224	0	-0.666666666666667
225	0	-1
226	0	-1
227	0	-1
228	0	-1
229	0	-1
230	0	-1
231	0	-1
232	0	-1
233	0	-1
234	0	-1
235	0	-1
236	0	-1
237	0	-1
238	0	-1
239	0	-1
240	0	-1
241	0	-1
242	0	-1
243	0	-1
244	0	-1
245	0	-0.666666666666667
246	0	-0.666666666666667
247	0	-0.666666666666667
248	0	-0.833333333333333
249	0	-1
250	0	-0.666666666666667
251	0	-0.666666666666667
252	0	-1
253	0	-1
254	0	-1
255	0	-1
256	0	-1
257	0	-1
258	0	-1
259	0	-1
260	0	-1
261	0	-1
262	0	-1
263	0	-1
264	0	-1
265	0	-1
266	0	-1
267	0	-1
268	0	-1
269	0	-1
270	0	-1
271	0	-1
272	0	-1
273	0	-0.666666666666667
274	0	-0.333333333333333
275	0	-0.166666666666667
276	0	0
277	0.333333333333333	0
278	0.666666666666667	0
279	1	0
280	1	0
281	1	0
282	1	0
283	1	0
284	1	0
285	1	0
286	1	0
287	0.666666666666667	0
288	0.666666666666667	0
289	0.666666666666667	0
290	0.666666666666667	0
291	0.333333333333333	0
292	0.166666666666667	0
293	0	0
294	0	0
295	0	-0.333333333333333
296	0	0
297	0.333333333333333	0
298	0.333333333333333	0
299	0.666666666666667	0
300	0.666666666666667	0
301	0.666666666666667	0
302	0.666666666666667	0
303	0.833333333333333	0
304	1	0
305	1	0
306	1	0
307	1	0
308	1	0
309	1	0
310	1	0
311	0.833333333333333	0
312	1	0
313	1	0
314	0.833333333333333	0
315	0.666666666666667	0
316	0.833333333333333	0
317	1	0
318	1	0
319	1	0
320	1	0
321	1	0
322	1	0
323	1	0
324	1	0
325	1	0
326	1	0
327	1	0
328	1	0
329	1	0
330	1	0
331	1	0
332	1	0
333	1	0
334	1	0
335	1	0
336	1	0
337	1	0
338	1	0
339	1	0
340	1	0
341	0.666666666666667	0
342	0.666666666666667	0
343	0.5	0
344	0.333333333333333	0
345	0	0
346	0	0
347	0.333333333333333	0
348	0.333333333333333	0
349	0.666666666666667	0
350	1	0
351	1	0
352	1	0
353	1	0
354	0.666666666666667	0
355	0.333333333333333	0
356	0	0
357	0	-0.166666666666667
358	0	-0.333333333333333
359	0	0
360	0	0
361	0	0
362	0.333333333333333	0
363	0.666666666666667	0
364	0.666666666666667	0
365	0.666666666666667	0
366	0.333333333333333	0
367	0.333333333333333	0
368	0.5	0
369	0.333333333333333	0
370	0.333333333333333	0
371	0.666666666666667	0
372	0.5	0
373	0.666666666666667	0
374	0.666666666666667	0
375	1	0
376	1	0
377	1	0
378	1	0
379	1	0
380	1	0
381	1	0
382	1	0
383	1	0
384	1	0
385	1	0
386	1	0
387	1	0
388	1	0
389	1	0
390	0.666666666666667	0
391	0.333333333333333	0
392	0	0
393	0	0
394	0	-0.333333333333333
395	0	-0.666666666666667
396	0	-1
397	0	-1
398	0	-1
399	0	-1
400	0	-1
401	0	-1
402	0	-1
403	0	-1
404	0	-1
405	0	-1
406	0	-1
407	0	-1
408	0	-1
409	0	-1
410	0	-1
411	0	-1
412	0	-1
413	0	-1
414	0	-1
415	0	-1
416	0	-1
417	0	-1
418	0	-1
419	0	-1
420	0	-1
421	0	-1
422	0	-1
423	0	-1
424	0	-1
425	0	-1
426	0	-1
427	0	-1
428	0	-1
429	0	-1
430	0	-1
431	0	-1
432	0	-1
433	0	-1
434	0	-1
435	0	-1
436	0	-1
437	0	-1
438	0	-1
439	0	-1
440	0	-1
441	0	-1
442	0	-1
443	0	-1
444	0	-1
445	0	-1
446	0	-1
447	0	-1
448	0	-1
449	0	-1
450	0	-1
451	0	-1
452	0	-1
453	0	-1
454	0	-0.666666666666667
455	0	-0.333333333333333
456	0	-0.333333333333333
457	0	-0.166666666666667
458	0	-0.166666666666667
459	0	-0.5
460	0	-0.666666666666667
461	0	-0.666666666666667
462	0	-1
463	0	-1
464	0	-1
465	0	-1
466	0	-1
467	0	-0.666666666666667
468	0	-0.333333333333333
469	0	0
470	0.333333333333333	0
471	0.333333333333333	0
472	0.5	0
473	0.666666666666667	0
474	0.666666666666667	0
475	0.833333333333333	0
476	1	0
477	1	0
478	1	0
479	1	0
480	1	0
481	1	0
482	1	0
483	1	0
484	1	0
485	1	0
486	1	0
487	0.666666666666667	0
488	0.333333333333333	0
489	0	0
490	0	-0.333333333333333
491	0	-0.666666666666667
492	0	-1
493	0	-1
494	0	-1
495	0	-1
496	0	-1
497	0	-1
498	0	-1
499	0	-1
500	0	-1
501	0	-1
502	0	-1
503	0	-1
504	0	-1
505	0	-1
506	0	-1
507	0	-1
508	0	-1
509	0	-1
510	0	-1
511	0	-1
512	0	-1
513	0	-1
514	0	-1
515	0	-1
516	0	-1
517	0	-1
518	0	-1
519	0	-1
520	0	-1
521	0	-1
522	0	-1
523	0	-1
524	0	-1
525	0	-1
526	0	-1
527	0	-1
528	0	-1
529	0	-1
530	0	-1
531	0	-1
532	0	-1
533	0	-1
534	0	-1
535	0	-1
536	0	-1
537	0	-1
538	0	-1
539	0	-1
540	0	-1
541	0	-1
542	0	-1
543	0	-1
544	0	-1
545	0	-1
546	0	-1
547	0	-1
548	0	-1
549	0	-1
550	0	-1
551	0	-1
552	0	-1
553	0	-1
554	0	-1
555	0	-1
556	0	-1
557	0	-1
558	0	-1
559	0	-1
560	0	-1
561	0	-1
562	0	-1
563	0	-1
564	0	-1
565	0	-1
566	0	-1
567	0	-1
568	0	-1
569	0	-1
570	0	-1
571	0	-1
572	0	-1
573	0	-1
574	0	-1
575	0	-1
576	0	-1
577	0	-1
578	0	-1
579	0	-1
580	0	-1
581	0	-1
582	0	-1
583	0	-1
584	0	-1
585	0	-1
586	0	-1
587	0	-1
588	0	-1
589	0	-1
590	0	-1
591	0	-1
592	0	-1
593	0	-1
594	0	-1
595	0	-1
596	0	-1
597	0	-1
598	0	-1
599	0	-1
600	0	-1
601	0	-1
602	0	-1
603	0	-1
604	0	-1
605	0	-1
606	0	-1
607	0	-1
608	0	-1
609	0	-1
610	0	-1
611	0	-1
612	0	-1
613	0	-1
614	0	-1
615	0	-1
616	0	-1
617	0	-1
618	0	-1
619	0	-1
620	0	-1
621	0	-1
622	0	-1
623	0	-1
624	0	-1
625	0	-1
626	0	-1
627	0	-1
628	0	-1
629	0	-1
630	0	-1
631	0	-1
632	0	-1
633	0	-1
634	0	-1
635	0	-1
636	0	-1
637	0	-1
638	0	-1
639	0	-1
640	0	-1
641	0	-1
642	0	-1
643	0	-1
644	0	-1
645	0	-1
646	0	-1
647	0	-1
648	0	-1
649	0	-1
650	0	-1
651	0	-1
652	0	-1
653	0	-1
654	0	-1
655	0	-1
656	0	-1
657	0	-1
658	0	-1
659	0	-1
660	0	-1
661	0	-1
662	0	-1
663	0	-1
664	0	-1
665	0	-1
666	0	-1
667	0	-1
668	0	-1
669	0	-1
670	0	-1
671	0	-1
672	0	-1
673	0	-1
674	0	-1
675	0	-1
676	0	-1
677	0	-1
678	0	-1
679	0	-1
680	0	-1
681	0	-1
682	0	-1
683	0	-1
684	0	-1
685	0	-1
686	0	-1
687	0	-1
688	0	-1
689	0	-1
690	0	-1
691	0	-1
692	0	-1
693	0	-1
694	0	-1
695	0	-1
696	0	-1
697	0	-1
698	0	-1
699	0	-1
700	0	-1
701	0	-1
702	0	-1
703	0	-1
704	0	-1
705	0	-1
706	0	-1
707	0	-1
708	0	-1
709	0	-1
710	0	-1
711	0	-1
712	0	-1
713	0	-1
714	0	-1
715	0	-1
716	0	-1
717	0	-1
718	0	-1
719	0	-1
720	0	-1
721	0	-1
722	0	-0.666666666666667
723	0	-0.333333333333333
724	0	0
725	0.333333333333333	0
726	0.333333333333333	0
727	0.666666666666667	0
728	0.333333333333333	0
729	0.666666666666667	0
730	0.666666666666667	0
731	0.666666666666667	0
732	0.666666666666667	0
733	0.333333333333333	0
734	0.166666666666667	0
735	0.166666666666667	0
736	0	-0.166666666666667
737	0	-0.5
738	0	-0.833333333333333
739	0	-1
740	0	-0.833333333333333
741	0	-0.666666666666667
742	0	-0.5
743	0	-0.333333333333333
744	0	-0.166666666666667
745	0	0
