position	positive	negative
1	0	-0.166666666666667
2	0	-0.333333333333333
3	0	-0.5
4	0	-0.666666666666667
5	0	-0.833333333333333
6	0	-1
7	0	-1
8	0	-1
9	0	-1
10	0	-1
11	0	-1
12	0	-1
13	0	-1
14	0	-1
15	0	-1
16	0	-1
17	0	-1
18	0	-1
19	0	-1
20	0	-1
21	0	-1
22	0	-1
23	0	-1
24	0	-1
25	0	-1
26	0	-1
27	0	-1
28	0	-1
29	0	-1
30	0	-1
31	0	-1
32	0	-1
33	0	-1
34	0	-1
35	0	-1
36	0	-1
37	0	-1
38	0	-1
39	0	-1
40	0	-1
41	0	-1
42	0	-1
43	0	-1
44	0	-1
45	0	-1
46	0	-1
47	0	-1
48	0	-1
49	0	-1
50	0	-1
51	0	-1
52	0	-1
53	0	-1
54	0	-1
55	0	-1
56	0	-1
57	0	-1
58	0	-1
59	0	-1
60	0	-1
61	0	-1
62	0	-1
63	0	-1
64	0	-1
65	0	-1
66	0	-1
67	0	-1
68	0	-1
69	0	-1
70	0	-1
71	0	-1
72	0	-1
73	0	-1
74	0	-1
75	0	-1
76	0	-1
77	0	-1
78	0	-1
79	0	-1
80	0	-1
81	0	-1
82	0	-1
83	0	-1
84	0	-1
85	0	-1
86	0	-1
87	0	-1
88	0	-1
89	0	-1
90	0	-1
91	0	-1
92	0	-1
93	0	-1
94	0	-1
95	0	-1
96	0	-1
97	0	-1
98	0	-1
99	0	-1
100	0	-1
101	0	-1
102	0	-1
103	0	-1
104	0	-1
105	0	-1
106	0	-1
107	0	-1
108	0	-1
109	0	-1
110	0	-1
111	0	-1
112	0	-1
113	0	-1
114	0	-1
115	0	-1
116	0	-1
117	0	-1
118	0	-1
119	0	-1
120	0	-1
121	0	-1
122	0	-1
123	0	-1
124	0	-1
125	0	-1
126	0	-1
127	0	-1
128	0	-1
129	0	-1
130	0	-1
131	0	-1
132	0	-1
133	0	-0.666666666666667
134	0	-0.333333333333333
135	0	-0.666666666666667
136	0	-0.666666666666667
137	0	-0.666666666666667
138	0	-0.833333333333333
139	0	-1
140	0	-1
141	0	-1
142	0	-1
143	0	-1
144	0	-1
145	0	-1
146	0	-1
147	0	-1
148	0	-1
149	0	-1
150	0	-1
151	0	-1
152	0	-1
153	0	-1
154	0	-1
155	0	-1
156	0	-1
157	0	-1
158	0	-1
159	0	-1
160	0	-1
161	0	-1
162	0	-1
163	0	-1
164	0	-0.666666666666667
165	0	-0.333333333333333
166	0	0
167	0.333333333333333	0
168	0.666666666666667	0
169	1	0
170	1	0
171	1	0
172	1	0
173	1	0
174	1	0
175	1	0
176	1	0
177	1	0
178	1	0
179	1	0
180	1	0
181	1	0
182	1	0
183	1	0
184	1	0
185	1	0
186	1	0
187	1	0
188	1	0
189	1	0
190	1	0
191	1	0
192	1	0
193	1	0
194	1	0
195	1	0
196	1	0
197	1	0
198	1	0
199	1	0
200	1	0
201	1	0
202	1	0
203	1	0
204	1	0
205	1	0
206	1	0
207	1	0
208	1	0
209	1	0
210	1	0
211	1	0
212	1	0
213	1	0
214	1	0
215	1	0
216	1	0
217	0.666666666666667	0
218	0.333333333333333	0
219	0.333333333333333	0
220	0.333333333333333	0
221	0.333333333333333	0
222	0.333333333333333	0
223	0.666666666666667	0
224	0.833333333333333	0
225	1	0
226	1	0
227	1	0
228	1	0
229	1	0
230	1	0
231	1	0
232	1	0
233	1	0
234	1	0
235	1	0
236	1	0
237	1	0
238	1	0
239	1	0
240	1	0
241	1	0
242	1	0
243	1	0
244	1	0
245	1	0
246	0.666666666666667	0
247	0.333333333333333	0
248	0	0
249	0	-0.333333333333333
250	0	-0.666666666666667
251	0	-1
252	0	-1
253	0	-1
254	0	-1
255	0	-1
256	0	-1
257	0	-1
258	0	-1
259	0	-1
260	0	-0.666666666666667
261	0	-0.333333333333333
262	0	0
263	0.333333333333333	0
264	0.666666666666667	0
265	1	0
266	1	0
267	1	0
268	1	0
269	1	0
270	1	0
271	1	0
272	1	0
273	1	0
274	1	0
275	1	0
276	1	0
277	1	0
278	1	0
279	1	0
280	1	0
281	1	0
282	1	0
283	1	0
284	1	0
285	1	0
286	1	0
287	1	0
288	1	0
289	1	0
290	1	0
291	1	0
292	1	0
293	1	0
294	1	0
295	1	0
296	1	0
297	1	0
298	1	0
299	1	0
300	1	0
301	1	0
302	1	0
303	1	0
304	1	0
305	1	0
306	1	0
307	1	0
308	1	0
309	1	0
310	1	0
311	1	0
312	1	0
313	1	0
314	1	0
315	1	0
316	1	0
317	1	0
318	1	0
319	1	0
320	0.666666666666667	0
321	0.333333333333333	0
322	0	0
323	0	-0.333333333333333
324	0	-0.666666666666667
325	0	-1
326	0	-1
327	0	-1
328	0	-1
329	0	-1
330	0	-1
331	0	-1
332	0	-1
333	0	-1
334	0	-1
335	0	-1
336	0	-1
337	0	-1
338	0	-1
339	0	-1
340	0	-1
341	0	-1
342	0	-1
343	0	-1
344	0	-1
345	0	-1
346	0	-1
347	0	-1
348	0	-1
349	0	-1
350	0	-1
351	0	-1
352	0	-1
353	0	-1
354	0	-1
355	0	-1
356	0	-0.666666666666667
357	0	-0.333333333333333
358	0	0
359	0.333333333333333	0
360	0.666666666666667	0
361	1	0
362	1	0
363	1	0
364	1	0
365	1	0
366	1	0
367	1	0
368	1	0
369	1	0
370	1	0
371	1	0
372	1	0
373	1	0
374	1	0
375	1	0
376	1	0
377	1	0
378	1	0
379	1	0
380	1	0
381	1	0
382	1	0
383	1	0
384	1	0
385	1	0
386	1	0
387	1	0
388	1	0
389	1	0
390	1	0
391	1	0
392	1	0
393	1	0
394	1	0
395	1	0
396	1	0
397	1	0
398	1	0
399	1	0
400	1	0
401	1	0
402	1	0
403	1	0
404	1	0
405	1	0
406	1	0
407	1	0
408	1	0
409	1	0
410	1	0
411	1	0
412	1	0
413	1	0
414	1	0
415	1	0
416	1	0
417	1	0
418	1	0
419	1	0
420	1	0
421	1	0
422	1	0
423	1	0
424	0.666666666666667	0
425	0.333333333333333	0
426	0.166666666666667	0
427	0	0
428	0	-0.166666666666667
429	0	-0.333333333333333
430	0	0
431	0.333333333333333	0
432	0.666666666666667	0
433	1	0
434	1	0
435	1	0
436	1	0
437	1	0
438	1	0
439	1	0
440	1	0
441	1	0
442	1	0
443	1	0
444	1	0
445	1	0
446	1	0
447	1	0
448	1	0
449	1	0
450	1	0
451	1	0
452	1	0
453	1	0
454	1	0
455	1	0
456	1	0
457	1	0
458	1	0
459	1	0
460	1	0
461	1	0
462	1	0
463	1	0
464	1	0
465	1	0
466	1	0
467	1	0
468	1	0
469	1	0
470	1	0
471	1	0
472	1	0
473	1	0
474	1	0
475	1	0
476	1	0
477	1	0
478	1	0
479	1	0
480	1	0
481	1	0
482	1	0
483	1	0
484	1	0
485	1	0
486	1	0
487	1	0
488	1	0
489	1	0
490	1	0
491	1	0
492	1	0
493	1	0
494	1	0
495	1	0
496	1	0
497	1	0
498	1	0
499	1	0
500	1	0
501	1	0
502	1	0
503	1	0
504	1	0
505	1	0
506	1	0
507	1	0
508	1	0
509	1	0
510	1	0
511	1	0
512	1	0
513	1	0
514	1	0
515	1	0
516	1	0
517	1	0
518	1	0
519	1	0
520	1	0
521	1	0
522	1	0
523	1	0
524	1	0
525	1	0
526	1	0
527	1	0
528	1	0
529	1	0
530	1	0
531	1	0
532	1	0
533	1	0
534	1	0
535	1	0
536	1	0
537	1	0
538	1	0
539	0.833333333333333	0
540	0.5	0
541	0.166666666666667	0
542	0	-0.166666666666667
543	0	-0.5
544	0	-0.833333333333333
545	0	-1
546	0	-1
547	0	-1
548	0	-1
549	0	-1
550	0	-1
551	0	-1
552	0	-0.666666666666667
553	0	-0.666666666666667
554	0	-0.333333333333333
555	0	0
556	0.333333333333333	0
557	0.666666666666667	0
558	1	0
559	1	0
560	1	0
561	1	0
562	1	0
563	1	0
564	1	0
565	1	0
566	1	0
567	1	0
568	1	0
569	1	0
570	1	0
571	1	0
572	1	0
573	1	0
574	1	0
575	1	0
576	1	0
577	1	0
578	1	0
579	1	0
580	1	0
581	1	0
582	1	0
583	1	0
584	1	0
585	1	0
586	1	0
587	1	0
588	1	0
589	1	0
590	0.666666666666667	0
591	0.333333333333333	0
592	0	0
593	0	-0.333333333333333
594	0	-0.666666666666667
595	0	-1
596	0	-0.666666666666667
597	0	-0.333333333333333
598	0	0
599	0.333333333333333	0
600	0.666666666666667	0
601	1	0
602	1	0
603	1	0
604	1	0
605	1	0
606	1	0
607	1	0
608	1	0
609	1	0
610	1	0
611	1	0
612	1	0
613	1	0
614	1	0
615	1	0
616	1	0
617	0.833333333333333	0
618	0.833333333333333	0
619	0.833333333333333	0
620	0.833333333333333	0
621	0.833333333333333	0
622	0.833333333333333	0
623	1	0
624	1	0
625	1	0
626	1	0
627	1	0
628	1	0
629	1	0
630	1	0
631	1	0
632	1	0
633	1	0
634	1	0
635	1	0
636	0.666666666666667	0
637	0.333333333333333	0
638	0	0
639	0	-0.333333333333333
640	0	-0.666666666666667
641	0	-1
642	0	-1
643	0	-1
644	0	-1
645	0	-1
646	0	-1
647	0	-0.833333333333333
648	0	-0.666666666666667
649	0	-0.333333333333333
650	0	-0.166666666666667
651	0.166666666666667	0
652	0.5	0
653	0.666666666666667	0
654	1	0
655	1	0
656	1	0
657	1	0
658	1	0
659	1	0
660	1	0
661	1	0
662	1	0
663	1	0
664	1	0
665	1	0
666	1	0
667	1	0
668	1	0
669	1	0
670	0.666666666666667	0
671	0.666666666666667	0
672	0.666666666666667	0
673	0.666666666666667	0
674	1	0
675	1	0
676	1	0
677	1	0
678	1	0
679	1	0
680	0.833333333333333	0
681	0.833333333333333	0
682	0.666666666666667	0
683	0.666666666666667	0
684	0.666666666666667	0
685	1	0
686	1	0
687	1	0
688	1	0
689	0.666666666666667	0
690	0.833333333333333	0
691	0.666666666666667	0
692	0.333333333333333	0
693	0	0
694	0	-0.166666666666667
695	0	-0.333333333333333
696	0	-0.666666666666667
697	0	-0.5
698	0	-0.166666666666667
699	0	-0.5
700	0	-0.5
701	0	-0.166666666666667
702	0	0
703	0	-0.333333333333333
704	0	-0.333333333333333
705	0	-0.666666666666667
706	0	-0.666666666666667
707	0	-0.333333333333333
708	0	0
709	0.333333333333333	0
710	0.333333333333333	0
711	0.666666666666667	0
712	0.666666666666667	0
713	0.333333333333333	0
714	0	0
715	0	-0.333333333333333
716	0	-0.333333333333333
717	0	0
718	0.333333333333333	0
719	0.333333333333333	0
720	0	0
721	0	0
722	0	-0.333333333333333
723	0	-0.666666666666667
724	0	-1
725	0	-1
726	0	-1
727	0	-1
728	0	-1
729	0	-1
730	0	-1
731	0	-1
732	0	-1
733	0	-1
734	0	-1
735	0	-1
736	0	-1
737	0	-1
738	0	-1
739	0	-1
740	0	-1
741	0	-1
742	0	-0.833333333333333
743	0	-0.666666666666667
744	0	-0.5
745	0	-0.333333333333333
746	0	-0.166666666666667
747	0	0
