position	positive	negative
1	0	-0.166666666666667
2	0	-0.333333333333333
3	0	-0.5
4	0	-0.666666666666667
5	0	-0.833333333333333
6	0	-1
7	0	-1
8	0	-1
9	0	-1
10	0	-1
11	0	-1
12	0	-1
13	0	-1
14	0	-1
15	0	-1
16	0	-1
17	0	-1
18	0	-1
19	0	-1
20	0	-1
21	0	-1
22	0	-1
23	0	-1
24	0	-1
25	0	-1
26	0	-1
27	0	-1
28	0	-1
29	0	-1
30	0	-1
31	0	-1
32	0	-1
33	0	-1
34	0	-1
35	0	-1
36	0	-1
37	0	-1
38	0	-1
39	0	-1
40	0	-1
41	0	-1
42	0	-1
43	0	-1
44	0	-1
45	0	-1
46	0	-1
47	0	-1
48	0	-1
49	0	-1
50	0	-1
51	0	-1
52	0	-1
53	0	-1
54	0	-1
55	0	-1
56	0	-1
57	0	-1
58	0	-1
59	0	-1
60	0	-1
61	0	-1
62	0	-1
63	0	-1
64	0	-1
65	0	-1
66	0	-1
67	0	-1
68	0	-1
69	0	-1
70	0	-1
71	0	-1
72	0	-1
73	0	-1
74	0	-1
75	0	-1
76	0	-1
77	0	-1
78	0	-1
79	0	-1
80	0	-1
81	0	-1
82	0	-1
83	0	-1
84	0	-1
85	0	-1
86	0	-1
87	0	-1
88	0	-1
89	0	-1
90	0	-1
91	0	-1
92	0	-1
93	0	-1
94	0	-1
95	0	-1
96	0	-1
97	0	-1
98	0	-1
99	0	-1
100	0	-1
101	0	-1
102	0	-1
103	0	-1
104	0	-1
105	0	-1
106	0	-1
107	0	-1
108	0	-1
109	0	-1
110	0	-1
111	0	-1
112	0	-1
113	0	-1
114	0	-1
115	0	-1
116	0	-1
117	0	-1
118	0	-1
119	0	-1
120	0	-1
121	0	-1
122	0	-1
123	0	-1
124	0	-1
125	0	-0.666666666666667
126	0	-0.666666666666667
127	0	-0.666666666666667
128	0	-0.333333333333333
129	0	0
130	0.333333333333333	0
131	0.666666666666667	0
132	0.666666666666667	0
133	1	0
134	1	0
135	1	0
136	1	0
137	1	0
138	1	0
139	1	0
140	1	0
141	1	0
142	1	0
143	1	0
144	1	0
145	1	0
146	1	0
147	1	0
148	1	0
149	1	0
150	1	0
151	0.666666666666667	0
152	0.666666666666667	0
153	0.333333333333333	0
154	0	0
155	0	-0.166666666666667
156	0	-0.333333333333333
157	0	-0.666666666666667
158	0	-1
159	0	-1
160	0	-1
161	0	-1
162	0	-1
163	0	-1
164	0	-1
165	0	-1
166	0	-1
167	0	-1
168	0	-1
169	0	-1
170	0	-0.666666666666667
171	0	-0.666666666666667
172	0	-0.666666666666667
173	0	-0.333333333333333
174	0	0
175	0.333333333333333	0
176	0.333333333333333	0
177	0.5	0
178	0.666666666666667	0
179	0.666666666666667	0
180	0.5	0
181	0.666666666666667	0
182	1	0
183	0.666666666666667	0
184	0.333333333333333	0
185	0.333333333333333	0
186	0.333333333333333	0
187	0.333333333333333	0
188	0.166666666666667	0
189	0.333333333333333	0
190	0.666666666666667	0
191	0.833333333333333	0
192	1	0
193	1	0
194	1	0
195	1	0
196	1	0
197	1	0
198	1	0
199	1	0
200	1	0
201	0.833333333333333	0
202	0.666666666666667	0
203	0.5	0
204	0.5	0
205	0.666666666666667	0
206	0.666666666666667	0
207	0.666666666666667	0
208	1	0
209	0.666666666666667	0
210	0.833333333333333	0
211	0.833333333333333	0
212	0.833333333333333	0
213	1	0
214	1	0
215	1	0
216	1	0
217	1	0
218	1	0
219	1	0
220	0.666666666666667	0
221	0.333333333333333	0
222	0	0
223	0	-0.333333333333333
224	0	-0.666666666666667
225	0	-1
226	0	-0.666666666666667
227	0	-1
228	0	-1
229	0	-1
230	0	-1
231	0	-1
232	0	-1
233	0	-1
234	0	-1
235	0	-1
236	0	-1
237	0	-1
238	0	-1
239	0	-0.833333333333333
240	0	-0.666666666666667
241	0	-0.5
242	0	-0.333333333333333
243	0	-0.166666666666667
244	0	0
