position	positive	negative
1	0	-0.166666666666667
2	0	-0.333333333333333
3	0	-0.5
4	0	-0.666666666666667
5	0	-0.833333333333333
6	0	-1
7	0	-1
8	0	-1
9	0	-1
10	0	-1
11	0	-1
12	0	-1
13	0	-1
14	0	-1
15	0	-1
16	0	-1
17	0	-1
18	0	-1
19	0	-1
20	0	-1
21	0	-1
22	0	-1
23	0	-1
24	0	-1
25	0	-1
26	0	-1
27	0	-1
28	0	-1
29	0	-1
30	0	-1
31	0	-1
32	0	-1
33	0	-1
34	0	-1
35	0	-1
36	0	-1
37	0	-1
38	0	-1
39	0	-1
40	0	-1
41	0	-1
42	0	-1
43	0	-1
44	0	-1
45	0	-1
46	0	-1
47	0	-1
48	0	-1
49	0	-1
50	0	-1
51	0	-1
52	0	-1
53	0	-1
54	0	-1
55	0	-1
56	0	-1
57	0	-1
58	0	-1
59	0	-1
60	0	-1
61	0	-1
62	0	-1
63	0	-1
64	0	-1
65	0	-1
66	0	-1
67	0	-1
68	0	-1
69	0	-1
70	0	-1
71	0	-1
72	0	-1
73	0	-1
74	0	-1
75	0	-1
76	0	-1
77	0	-1
78	0	-1
79	0	-1
80	0	-1
81	0	-1
82	0	-1
83	0	-1
84	0	-1
85	0	-1
86	0	-1
87	0	-1
88	0	-1
89	0	-1
90	0	-1
91	0	-1
92	0	-1
93	0	-1
94	0	-1
95	0	-1
96	0	-1
97	0	-1
98	0	-1
99	0	-1
100	0	-1
101	0	-1
102	0	-1
103	0	-1
104	0	-1
105	0	-1
106	0	-1
107	0	-1
108	0	-1
109	0	-1
110	0	-1
111	0	-1
112	0	-1
113	0	-1
114	0	-1
115	0	-1
116	0	-1
117	0	-1
118	0	-1
119	0	-1
120	0	-1
121	0	-1
122	0	-1
123	0	-1
124	0	-1
125	0	-1
126	0	-1
127	0	-1
128	0	-1
129	0	-1
130	0	-1
131	0	-1
132	0	-1
133	0	-1
134	0	-1
135	0	-1
136	0	-1
137	0	-1
138	0	-1
139	0	-1
140	0	-1
141	0	-1
142	0	-1
143	0	-1
144	0	-1
145	0	-1
146	0	-1
147	0	-1
148	0	-1
149	0	-1
150	0	-1
151	0	-1
152	0	-1
153	0	-1
154	0	-1
155	0	-1
156	0	-1
157	0	-1
158	0	-1
159	0	-1
160	0	-1
161	0	-1
162	0	-1
163	0	-1
164	0	-1
165	0	-1
166	0	-1
167	0	-1
168	0	-1
169	0	-1
170	0	-1
171	0	-1
172	0	-1
173	0	-1
174	0	-1
175	0	-1
176	0	-1
177	0	-1
178	0	-1
179	0	-1
180	0	-1
181	0	-1
182	0	-1
183	0	-1
184	0	-1
185	0	-1
186	0	-1
187	0	-1
188	0	-1
189	0	-1
190	0	-1
191	0	-1
192	0	-1
193	0	-1
194	0	-1
195	0	-1
196	0	-1
197	0	-1
198	0	-1
199	0	-1
200	0	-1
201	0	-1
202	0	-1
203	0	-1
204	0	-1
205	0	-1
206	0	-1
207	0	-1
208	0	-1
209	0	-1
210	0	-1
211	0	-1
212	0	-1
213	0	-1
214	0	-1
215	0	-1
216	0	-1
217	0	-1
218	0	-1
219	0	-1
220	0	-1
221	0	-1
222	0	-1
223	0	-1
224	0	-1
225	0	-1
226	0	-1
227	0	-1
228	0	-1
229	0	-1
230	0	-1
231	0	-1
232	0	-1
233	0	-1
234	0	-1
235	0	-1
236	0	-1
237	0	-1
238	0	-1
239	0	-1
240	0	-1
241	0	-1
242	0	-1
243	0	-1
244	0	-1
245	0	-1
246	0	-1
247	0	-1
248	0	-1
249	0	-1
250	0	-1
251	0	-1
252	0	-1
253	0	-1
254	0	-1
255	0	-1
256	0	-0.666666666666667
257	0	-0.333333333333333
258	0	-0.166666666666667
259	0	-0.166666666666667
260	0	0
261	0	-0.166666666666667
262	0	-0.333333333333333
263	0	-0.5
264	0	-0.333333333333333
265	0	-0.333333333333333
266	0	0
267	0.333333333333333	0
268	0.666666666666667	0
269	1	0
270	1	0
271	1	0
272	1	0
273	0.666666666666667	0
274	0.333333333333333	0
275	0	0
276	0	-0.333333333333333
277	0	-0.333333333333333
278	0	-0.333333333333333
279	0	0
280	0.333333333333333	0
281	0.666666666666667	0
282	1	0
283	1	0
284	1	0
285	1	0
286	1	0
287	1	0
288	1	0
289	1	0
290	1	0
291	1	0
292	1	0
293	1	0
294	1	0
295	0.666666666666667	0
296	0.333333333333333	0
297	0.166666666666667	0
298	0	0
299	0	-0.333333333333333
300	0	-0.666666666666667
301	0	-1
302	0	-1
303	0	-0.833333333333333
304	0	-0.833333333333333
305	0	-0.666666666666667
306	0	-0.666666666666667
307	0	-0.333333333333333
308	0	0
309	0	0
310	0	0
311	0.333333333333333	0
312	0.666666666666667	0
313	1	0
314	1	0
315	1	0
316	1	0
317	1	0
318	1	0
319	1	0
320	1	0
321	1	0
322	1	0
323	1	0
324	1	0
325	1	0
326	1	0
327	1	0
328	1	0
329	1	0
330	1	0
331	1	0
332	1	0
333	1	0
334	1	0
335	1	0
336	1	0
337	1	0
338	1	0
339	1	0
340	1	0
341	1	0
342	1	0
343	1	0
344	1	0
345	1	0
346	1	0
347	1	0
348	1	0
349	1	0
350	0.666666666666667	0
351	0.333333333333333	0
352	0	0
353	0	-0.333333333333333
354	0	-0.666666666666667
355	0	-0.833333333333333
356	0	-1
357	0	-1
358	0	-1
359	0	-1
360	0	-1
361	0	-1
362	0	-1
363	0	-1
364	0	-1
365	0	-1
366	0	-1
367	0	-1
368	0	-1
369	0	-1
370	0	-1
371	0	-1
372	0	-1
373	0	-0.666666666666667
374	0	-0.666666666666667
375	0	-0.333333333333333
376	0	0
377	0.333333333333333	0
378	0.666666666666667	0
379	1	0
380	1	0
381	1	0
382	1	0
383	1	0
384	1	0
385	1	0
386	1	0
387	1	0
388	1	0
389	1	0
390	1	0
391	1	0
392	0.666666666666667	0
393	0.333333333333333	0
394	0	0
395	0	-0.333333333333333
396	0	-0.666666666666667
397	0	-1
398	0	-1
399	0	-1
400	0	-1
401	0	-1
402	0	-1
403	0	-1
404	0	-1
405	0	-1
406	0	-1
407	0	-1
408	0	-1
409	0	-0.666666666666667
410	0	-0.333333333333333
411	0	0
412	0.333333333333333	0
413	0.666666666666667	0
414	1	0
415	1	0
416	1	0
417	1	0
418	1	0
419	1	0
420	1	0
421	1	0
422	1	0
423	1	0
424	1	0
425	1	0
426	1	0
427	1	0
428	0.666666666666667	0
429	0.5	0
430	0.5	0
431	0.333333333333333	0
432	0.333333333333333	0
433	0.666666666666667	0
434	0.833333333333333	0
435	0.666666666666667	0
436	0.333333333333333	0
437	0.333333333333333	0
438	0	0
439	0	-0.166666666666667
440	0	-0.333333333333333
441	0	-0.666666666666667
442	0	-0.666666666666667
443	0	-1
444	0	-1
445	0	-1
446	0	-1
447	0	-1
448	0	-1
449	0	-1
450	0	-1
451	0	-1
452	0	-1
453	0	-1
454	0	-1
455	0	-1
456	0	-1
457	0	-1
458	0	-1
459	0	-1
460	0	-0.666666666666667
461	0	-0.333333333333333
462	0	0
463	0.333333333333333	0
464	0.666666666666667	0
465	1	0
466	1	0
467	1	0
468	1	0
469	1	0
470	1	0
471	1	0
472	1	0
473	1	0
474	1	0
475	1	0
476	1	0
477	1	0
478	1	0
479	1	0
480	1	0
481	1	0
482	1	0
483	1	0
484	1	0
485	1	0
486	1	0
487	1	0
488	1	0
489	1	0
490	1	0
491	1	0
492	1	0
493	1	0
494	1	0
495	1	0
496	1	0
497	1	0
498	1	0
499	1	0
500	1	0
501	0.666666666666667	0
502	0.333333333333333	0
503	0	0
504	0	-0.333333333333333
505	0	-0.666666666666667
506	0	-1
507	0	-0.666666666666667
508	0	-0.5
509	0	-0.166666666666667
510	0.166666666666667	0
511	0.5	0
512	0.833333333333333	0
513	1	0
514	1	0
515	1	0
516	1	0
517	1	0
518	1	0
519	1	0
520	1	0
521	1	0
522	1	0
523	1	0
524	1	0
525	1	0
526	1	0
527	1	0
528	1	0
529	1	0
530	1	0
531	1	0
532	1	0
533	1	0
534	1	0
535	1	0
536	1	0
537	1	0
538	1	0
539	1	0
540	1	0
541	1	0
542	1	0
543	1	0
544	1	0
545	1	0
546	1	0
547	1	0
548	1	0
549	1	0
550	1	0
551	1	0
552	1	0
553	1	0
554	1	0
555	1	0
556	1	0
557	1	0
558	0.833333333333333	0
559	0.833333333333333	0
560	1	0
561	1	0
562	1	0
563	1	0
564	1	0
565	1	0
566	1	0
567	1	0
568	1	0
569	1	0
570	0.666666666666667	0
571	0.333333333333333	0
572	0	0
573	0	-0.333333333333333
574	0	-0.666666666666667
575	0	-1
576	0	-1
577	0	-1
578	0	-1
579	0	-1
580	0	-1
581	0	-1
582	0	-1
583	0	-1
584	0	-1
585	0	-1
586	0	-1
587	0	-1
588	0	-0.666666666666667
589	0	-0.333333333333333
590	0	0
591	0.333333333333333	0
592	0.666666666666667	0
593	1	0
594	1	0
595	1	0
596	1	0
597	1	0
598	1	0
599	1	0
600	1	0
601	1	0
602	1	0
603	1	0
604	1	0
605	1	0
606	1	0
607	1	0
608	1	0
609	1	0
610	1	0
611	1	0
612	1	0
613	1	0
614	1	0
615	1	0
616	0.666666666666667	0
617	0.666666666666667	0
618	0.666666666666667	0
619	0.666666666666667	0
620	0.666666666666667	0
621	0.666666666666667	0
622	0.833333333333333	0
623	0.5	0
624	0.333333333333333	0
625	0.5	0
626	0.5	0
627	0.333333333333333	0
628	0.333333333333333	0
629	0.666666666666667	0
630	0.666666666666667	0
631	1	0
632	1	0
633	1	0
634	1	0
635	1	0
636	1	0
637	1	0
638	1	0
639	1	0
640	0.666666666666667	0
641	0.333333333333333	0
642	0	0
643	0	-0.333333333333333
644	0	-0.666666666666667
645	0	-1
646	0	-1
647	0	-1
648	0	-1
649	0	-1
650	0	-1
651	0	-1
652	0	-1
653	0	-1
654	0	-1
655	0	-1
656	0	-1
657	0	-1
658	0	-1
659	0	-1
660	0	-1
661	0	-1
662	0	-1
663	0	-0.666666666666667
664	0	-0.333333333333333
665	0	0
666	0.333333333333333	0
667	0.666666666666667	0
668	1	0
669	1	0
670	1	0
671	1	0
672	1	0
673	1	0
674	1	0
675	1	0
676	1	0
677	1	0
678	1	0
679	1	0
680	1	0
681	0.666666666666667	0
682	0.666666666666667	0
683	0.666666666666667	0
684	0.666666666666667	0
685	0.666666666666667	0
686	0.666666666666667	0
687	1	0
688	1	0
689	1	0
690	1	0
691	1	0
692	1	0
693	1	0
694	1	0
695	1	0
696	1	0
697	1	0
698	1	0
699	1	0
700	1	0
701	1	0
702	1	0
703	1	0
704	1	0
705	0.666666666666667	0
706	0.666666666666667	0
707	0.666666666666667	0
708	0.666666666666667	0
709	0.666666666666667	0
710	0.666666666666667	0
711	0.666666666666667	0
712	0.666666666666667	0
713	0.333333333333333	0
714	0.166666666666667	0
715	0.166666666666667	0
716	0	0
717	0.333333333333333	0
718	0.333333333333333	0
719	0.666666666666667	0
720	1	0
721	1	0
722	1	0
723	1	0
724	1	0
725	1	0
726	1	0
727	1	0
728	1	0
729	1	0
730	1	0
731	1	0
732	1	0
733	1	0
734	1	0
735	1	0
736	1	0
737	0.666666666666667	0
738	0.333333333333333	0
739	0.333333333333333	0
740	0	0
741	0	-0.333333333333333
742	0	-0.333333333333333
743	0	-0.5
744	0	-0.333333333333333
745	0	-0.666666666666667
746	0	-0.666666666666667
747	0	-0.666666666666667
748	0	-0.666666666666667
749	0	-0.666666666666667
750	0	-0.833333333333333
751	0	-0.666666666666667
752	0	-0.666666666666667
753	0	-0.333333333333333
754	0	-0.333333333333333
755	0	0
756	0	0
757	0.333333333333333	0
758	0.666666666666667	0
759	0.833333333333333	0
760	1	0
761	1	0
762	1	0
763	1	0
764	1	0
765	1	0
766	1	0
767	1	0
768	1	0
769	1	0
770	1	0
771	1	0
772	1	0
773	0.666666666666667	0
774	0.666666666666667	0
775	0.333333333333333	0
776	0	0
777	0	-0.333333333333333
778	0	-0.5
779	0	-0.666666666666667
780	0	-1
781	0	-1
782	0	-1
783	0	-1
784	0	-1
785	0	-1
786	0	-1
787	0	-1
788	0	-1
789	0	-0.666666666666667
790	0	-0.666666666666667
791	0	-0.666666666666667
792	0	-1
793	0	-1
794	0	-0.666666666666667
795	0	-0.666666666666667
796	0	-0.333333333333333
797	0	0
798	0	0
799	0	0
800	0.333333333333333	0
801	0.333333333333333	0
802	0.5	0
803	0.333333333333333	0
804	0.333333333333333	0
805	0.333333333333333	0
806	0.333333333333333	0
807	0.333333333333333	0
808	0.666666666666667	0
809	0.333333333333333	0
810	0.5	0
811	0.333333333333333	0
812	0.666666666666667	0
813	0.666666666666667	0
814	1	0
815	1	0
816	1	0
817	1	0
818	1	0
819	1	0
820	1	0
821	1	0
822	1	0
823	1	0
824	0.666666666666667	0
825	0.5	0
826	0.333333333333333	0
827	0	0
828	0	0
829	0.333333333333333	0
830	0.333333333333333	0
831	0.333333333333333	0
832	0.333333333333333	0
833	0.333333333333333	0
834	0.333333333333333	0
835	0.5	0
836	0.333333333333333	0
837	0.333333333333333	0
838	0	0
839	0.166666666666667	0
840	0.333333333333333	0
841	0	0
842	0.166666666666667	0
843	0.333333333333333	0
844	0.333333333333333	0
845	0	0
846	0	0
847	0	0
848	0	0
849	0	0
850	0	0
851	0.333333333333333	0
852	0.666666666666667	0
853	1	0
854	1	0
855	1	0
856	1	0
857	1	0
858	1	0
859	1	0
860	1	0
861	1	0
862	1	0
863	1	0
864	1	0
865	1	0
866	1	0
867	1	0
868	1	0
869	1	0
870	1	0
871	1	0
872	1	0
873	1	0
874	1	0
875	1	0
876	1	0
877	0.666666666666667	0
878	0.666666666666667	0
879	0.333333333333333	0
880	0.333333333333333	0
881	0	0
882	0	-0.166666666666667
883	0	0
884	0	0
885	0	0
886	0.333333333333333	0
887	0.666666666666667	0
888	1	0
889	1	0
890	1	0
891	1	0
892	1	0
893	1	0
894	1	0
895	1	0
896	1	0
897	1	0
898	1	0
899	1	0
900	1	0
901	1	0
902	1	0
903	1	0
904	1	0
905	1	0
906	1	0
907	1	0
908	1	0
909	1	0
910	1	0
911	1	0
912	1	0
913	1	0
914	1	0
915	1	0
916	1	0
917	1	0
918	1	0
919	1	0
920	0.666666666666667	0
921	0.333333333333333	0
922	0	0
923	0	-0.333333333333333
924	0	-0.666666666666667
925	0	-1
926	0	-1
927	0	-1
928	0	-1
929	0	-1
930	0	-1
931	0	-1
932	0	-1
933	0	-1
934	0	-1
935	0	-1
936	0	-1
937	0	-1
938	0	-1
939	0	-1
940	0	-1
941	0	-1
942	0	-1
943	0	-1
944	0	-1
945	0	-1
946	0	-1
947	0	-1
948	0	-1
949	0	-1
950	0	-1
951	0	-1
952	0	-1
953	0	-1
954	0	-1
955	0	-1
956	0	-0.666666666666667
957	0	-0.333333333333333
958	0	0
959	0.333333333333333	0
960	0.666666666666667	0
961	0.666666666666667	0
962	1	0
963	1	0
964	1	0
965	1	0
966	1	0
967	1	0
968	1	0
969	1	0
970	1	0
971	1	0
972	1	0
973	1	0
974	1	0
975	1	0
976	1	0
977	1	0
978	1	0
979	1	0
980	1	0
981	1	0
982	1	0
983	1	0
984	1	0
985	1	0
986	1	0
987	1	0
988	1	0
989	0.666666666666667	0
990	0.333333333333333	0
991	0	0
992	0	-0.333333333333333
993	0	-0.666666666666667
994	0	-1
995	0	-1
996	0	-1
997	0	-1
998	0	-1
999	0	-1
1000	0	-0.666666666666667
1001	0	-0.333333333333333
1002	0	-0.333333333333333
1003	0	0
1004	0.333333333333333	0
1005	0.333333333333333	0
1006	0.333333333333333	0
1007	0	0
1008	0	-0.333333333333333
1009	0	-0.666666666666667
1010	0	-1
1011	0	-1
1012	0	-1
1013	0	-1
1014	0	-1
1015	0	-1
1016	0	-1
1017	0	-1
1018	0	-1
1019	0	-1
1020	0	-1
1021	0	-1
1022	0	-1
1023	0	-1
1024	0	-1
1025	0	-1
1026	0	-1
1027	0	-1
1028	0	-1
1029	0	-1
1030	0	-1
1031	0	-1
1032	0	-1
1033	0	-1
1034	0	-1
1035	0	-0.833333333333333
1036	0	-0.666666666666667
1037	0	-0.666666666666667
1038	0	-0.333333333333333
1039	0	0
1040	0.333333333333333	0
1041	0.333333333333333	0
1042	0.666666666666667	0
1043	1	0
1044	1	0
1045	1	0
1046	1	0
1047	1	0
1048	1	0
1049	1	0
1050	1	0
1051	1	0
1052	1	0
1053	1	0
1054	1	0
1055	1	0
1056	1	0
1057	1	0
1058	1	0
1059	1	0
1060	1	0
1061	1	0
1062	1	0
1063	1	0
1064	1	0
1065	0.666666666666667	0
1066	0.666666666666667	0
1067	0.666666666666667	0
1068	0.666666666666667	0
1069	0.666666666666667	0
1070	0.666666666666667	0
1071	1	0
1072	1	0
1073	0.666666666666667	0
1074	0.333333333333333	0
1075	0.333333333333333	0
1076	0.333333333333333	0
1077	0.333333333333333	0
1078	0.666666666666667	0
1079	1	0
1080	1	0
1081	1	0
1082	1	0
1083	1	0
1084	1	0
1085	1	0
1086	1	0
1087	1	0
1088	1	0
1089	1	0
1090	1	0
1091	1	0
1092	1	0
1093	1	0
1094	1	0
1095	1	0
1096	1	0
1097	1	0
1098	1	0
1099	1	0
1100	1	0
1101	1	0
1102	0.666666666666667	0
1103	0.333333333333333	0
1104	0	0
1105	0	-0.333333333333333
1106	0	-0.666666666666667
1107	0	-1
1108	0	-1
1109	0	-1
1110	0	-1
1111	0	-1
1112	0	-1
1113	0	-1
1114	0	-1
1115	0	-1
1116	0	-1
1117	0	-1
1118	0	-1
1119	0	-1
1120	0	-1
1121	0	-1
1122	0	-1
1123	0	-1
1124	0	-1
1125	0	-1
1126	0	-1
1127	0	-1
1128	0	-1
1129	0	-1
1130	0	-1
1131	0	-1
1132	0	-1
1133	0	-1
1134	0	-1
1135	0	-1
1136	0	-1
1137	0	-1
1138	0	-1
1139	0	-1
1140	0	-1
1141	0	-1
1142	0	-1
1143	0	-1
1144	0	-1
1145	0	-1
1146	0	-1
1147	0	-1
1148	0	-1
1149	0	-1
1150	0	-1
1151	0	-1
1152	0	-1
1153	0	-1
1154	0	-1
1155	0	-1
1156	0	-1
1157	0	-1
1158	0	-1
1159	0	-1
1160	0	-1
1161	0	-1
1162	0	-0.666666666666667
1163	0	-0.333333333333333
1164	0	0
1165	0.166666666666667	0
1166	0.333333333333333	0
1167	0.666666666666667	0
1168	0.833333333333333	0
1169	0.666666666666667	0
1170	0.666666666666667	0
1171	0.666666666666667	0
1172	0.666666666666667	0
1173	0.5	0
1174	0.5	0
1175	0.333333333333333	0
1176	0.666666666666667	0
1177	0.333333333333333	0
1178	0	0
1179	0.166666666666667	0
1180	0.166666666666667	0
1181	0.333333333333333	0
1182	0.333333333333333	0
1183	0.666666666666667	0
1184	1	0
1185	1	0
1186	1	0
1187	1	0
1188	1	0
1189	1	0
1190	1	0
1191	1	0
1192	1	0
1193	1	0
1194	1	0
1195	1	0
1196	1	0
1197	1	0
1198	1	0
1199	1	0
1200	1	0
1201	1	0
1202	0.666666666666667	0
1203	0.333333333333333	0
1204	0.166666666666667	0
1205	0	0
1206	0	-0.333333333333333
1207	0	-0.333333333333333
1208	0	-0.666666666666667
1209	0	-1
1210	0	-1
1211	0	-1
1212	0	-1
1213	0	-1
1214	0	-1
1215	0	-1
1216	0	-1
1217	0	-1
1218	0	-1
1219	0	-1
1220	0	-1
1221	0	-1
1222	0	-1
1223	0	-1
1224	0	-1
1225	0	-1
1226	0	-1
1227	0	-1
1228	0	-1
1229	0	-1
1230	0	-1
1231	0	-1
1232	0	-1
1233	0	-1
1234	0	-1
1235	0	-1
1236	0	-1
1237	0	-1
1238	0	-1
1239	0	-1
1240	0	-1
1241	0	-1
1242	0	-1
1243	0	-1
1244	0	-1
1245	0	-1
1246	0	-1
1247	0	-1
1248	0	-1
1249	0	-1
1250	0	-1
1251	0	-1
1252	0	-1
1253	0	-1
1254	0	-1
1255	0	-1
1256	0	-1
1257	0	-1
1258	0	-1
1259	0	-1
1260	0	-1
1261	0	-0.833333333333333
1262	0	-0.666666666666667
1263	0	-0.5
1264	0	-0.166666666666667
1265	0.166666666666667	0
1266	0.5	0
1267	0.666666666666667	0
1268	0.833333333333333	0
1269	1	0
1270	1	0
1271	1	0
1272	1	0
1273	1	0
1274	0.666666666666667	0
1275	0.333333333333333	0
1276	0	0
1277	0	0
1278	0	-0.333333333333333
1279	0	-0.666666666666667
1280	0	-0.666666666666667
1281	0	-0.666666666666667
1282	0	-1
1283	0	-1
1284	0	-1
1285	0	-1
1286	0	-1
1287	0	-1
1288	0	-1
1289	0	-1
1290	0	-1
1291	0	-1
1292	0	-1
1293	0	-1
1294	0	-1
1295	0	-0.666666666666667
1296	0	-0.333333333333333
1297	0	0
1298	0.333333333333333	0
1299	0.666666666666667	0
1300	1	0
1301	1	0
1302	1	0
1303	1	0
1304	1	0
1305	0.666666666666667	0
1306	0.666666666666667	0
1307	0.333333333333333	0
1308	0.333333333333333	0
1309	0	0
1310	0	-0.333333333333333
1311	0	-0.666666666666667
1312	0	-0.666666666666667
1313	0	-1
1314	0	-1
1315	0	-1
1316	0	-1
1317	0	-1
1318	0	-1
1319	0	-1
1320	0	-1
1321	0	-1
1322	0	-1
1323	0	-1
1324	0	-1
1325	0	-1
1326	0	-1
1327	0	-1
1328	0	-1
1329	0	-1
1330	0	-1
1331	0	-1
1332	0	-1
1333	0	-1
1334	0	-1
1335	0	-1
1336	0	-1
1337	0	-1
1338	0	-1
1339	0	-1
1340	0	-1
1341	0	-1
1342	0	-1
1343	0	-1
1344	0	-1
1345	0	-1
1346	0	-1
1347	0	-1
1348	0	-1
1349	0	-1
1350	0	-1
1351	0	-1
1352	0	-1
1353	0	-1
1354	0	-1
1355	0	-1
1356	0	-1
1357	0	-1
1358	0	-1
1359	0	-1
1360	0	-1
1361	0	-1
1362	0	-1
1363	0	-1
1364	0	-1
1365	0	-1
1366	0	-1
1367	0	-1
1368	0	-1
1369	0	-1
1370	0	-1
1371	0	-1
1372	0	-1
1373	0	-0.666666666666667
1374	0	-0.666666666666667
1375	0	-1
1376	0	-1
1377	0	-1
1378	0	-1
1379	0	-1
1380	0	-1
1381	0	-1
1382	0	-1
1383	0	-1
1384	0	-1
1385	0	-1
1386	0	-1
1387	0	-1
1388	0	-1
1389	0	-1
1390	0	-1
1391	0	-1
1392	0	-1
1393	0	-1
1394	0	-1
1395	0	-1
1396	0	-1
1397	0	-1
1398	0	-1
1399	0	-1
1400	0	-1
1401	0	-1
1402	0	-1
1403	0	-1
1404	0	-1
1405	0	-1
1406	0	-1
1407	0	-1
1408	0	-1
1409	0	-1
1410	0	-1
1411	0	-1
1412	0	-1
1413	0	-1
1414	0	-1
1415	0	-1
1416	0	-1
1417	0	-1
1418	0	-1
1419	0	-1
1420	0	-1
1421	0	-1
1422	0	-1
1423	0	-1
1424	0	-1
1425	0	-1
1426	0	-1
1427	0	-1
1428	0	-1
1429	0	-1
1430	0	-0.666666666666667
1431	0	-0.333333333333333
1432	0	-0.333333333333333
1433	0	-0.333333333333333
1434	0	-0.166666666666667
1435	0	-0.166666666666667
1436	0	-0.333333333333333
1437	0	-0.666666666666667
1438	0	-0.666666666666667
1439	0	-0.666666666666667
1440	0	-1
1441	0	-1
1442	0	-1
1443	0	-1
1444	0	-1
1445	0	-1
1446	0	-1
1447	0	-1
1448	0	-1
1449	0	-1
1450	0	-1
1451	0	-1
1452	0	-1
1453	0	-1
1454	0	-1
1455	0	-1
1456	0	-1
1457	0	-1
1458	0	-1
1459	0	-1
1460	0	-1
1461	0	-1
1462	0	-1
1463	0	-1
1464	0	-1
1465	0	-1
1466	0	-1
1467	0	-1
1468	0	-1
1469	0	-1
1470	0	-1
1471	0	-1
1472	0	-1
1473	0	-1
1474	0	-1
1475	0	-1
1476	0	-1
1477	0	-1
1478	0	-1
1479	0	-1
1480	0	-1
1481	0	-1
1482	0	-1
1483	0	-1
1484	0	-1
1485	0	-1
1486	0	-1
1487	0	-1
1488	0	-1
1489	0	-1
1490	0	-1
1491	0	-1
1492	0	-1
1493	0	-1
1494	0	-1
1495	0	-1
1496	0	-1
1497	0	-1
1498	0	-1
1499	0	-1
1500	0	-1
1501	0	-1
1502	0	-1
1503	0	-1
1504	0	-1
1505	0	-1
1506	0	-1
1507	0	-1
1508	0	-1
1509	0	-1
1510	0	-1
1511	0	-1
1512	0	-1
1513	0	-1
1514	0	-1
1515	0	-1
1516	0	-1
1517	0	-1
1518	0	-1
1519	0	-1
1520	0	-1
1521	0	-1
1522	0	-1
1523	0	-1
1524	0	-1
1525	0	-1
1526	0	-1
1527	0	-1
1528	0	-1
1529	0	-1
1530	0	-1
1531	0	-1
1532	0	-1
1533	0	-1
1534	0	-1
1535	0	-1
1536	0	-1
1537	0	-1
1538	0	-1
1539	0	-1
1540	0	-1
1541	0	-1
1542	0	-1
1543	0	-1
1544	0	-1
1545	0	-1
1546	0	-1
1547	0	-1
1548	0	-1
1549	0	-1
1550	0	-1
1551	0	-1
1552	0	-1
1553	0	-1
1554	0	-1
1555	0	-1
1556	0	-1
1557	0	-1
1558	0	-1
1559	0	-1
1560	0	-1
1561	0	-1
1562	0	-1
1563	0	-1
1564	0	-1
1565	0	-1
1566	0	-1
1567	0	-1
1568	0	-1
1569	0	-1
1570	0	-1
1571	0	-1
1572	0	-1
1573	0	-1
1574	0	-1
1575	0	-1
1576	0	-1
1577	0	-1
1578	0	-1
1579	0	-1
1580	0	-1
1581	0	-1
1582	0	-1
1583	0	-1
1584	0	-1
1585	0	-1
1586	0	-1
1587	0	-1
1588	0	-1
1589	0	-1
1590	0	-1
1591	0	-1
1592	0	-1
1593	0	-1
1594	0	-1
1595	0	-1
1596	0	-1
1597	0	-1
1598	0	-1
1599	0	-1
1600	0	-1
1601	0	-1
1602	0	-1
1603	0	-1
1604	0	-1
1605	0	-1
1606	0	-1
1607	0	-1
1608	0	-1
1609	0	-1
1610	0	-1
1611	0	-1
1612	0	-1
1613	0	-1
1614	0	-1
1615	0	-1
1616	0	-1
1617	0	-1
1618	0	-1
1619	0	-1
1620	0	-1
1621	0	-1
1622	0	-1
1623	0	-1
1624	0	-1
1625	0	-1
1626	0	-1
1627	0	-1
1628	0	-1
1629	0	-1
1630	0	-1
1631	0	-1
1632	0	-1
1633	0	-1
1634	0	-1
1635	0	-1
1636	0	-1
1637	0	-1
1638	0	-1
1639	0	-1
1640	0	-1
1641	0	-1
1642	0	-1
1643	0	-1
1644	0	-1
1645	0	-1
1646	0	-1
1647	0	-1
1648	0	-1
1649	0	-1
1650	0	-1
1651	0	-1
1652	0	-1
1653	0	-1
1654	0	-1
1655	0	-1
1656	0	-1
1657	0	-1
1658	0	-1
1659	0	-1
1660	0	-1
1661	0	-1
1662	0	-1
1663	0	-1
1664	0	-1
1665	0	-1
1666	0	-1
1667	0	-1
1668	0	-1
1669	0	-1
1670	0	-1
1671	0	-1
1672	0	-1
1673	0	-1
1674	0	-1
1675	0	-1
1676	0	-1
1677	0	-1
1678	0	-1
1679	0	-1
1680	0	-1
1681	0	-1
1682	0	-1
1683	0	-1
1684	0	-1
1685	0	-1
1686	0	-1
1687	0	-1
1688	0	-1
1689	0	-1
1690	0	-1
1691	0	-1
1692	0	-1
1693	0	-1
1694	0	-1
1695	0	-1
1696	0	-1
1697	0	-1
1698	0	-1
1699	0	-1
1700	0	-1
1701	0	-1
1702	0	-1
1703	0	-1
1704	0	-1
1705	0	-1
1706	0	-1
1707	0	-1
1708	0	-1
1709	0	-1
1710	0	-1
1711	0	-1
1712	0	-1
1713	0	-1
1714	0	-1
1715	0	-1
1716	0	-1
1717	0	-1
1718	0	-1
1719	0	-1
1720	0	-1
1721	0	-1
1722	0	-1
1723	0	-1
1724	0	-1
1725	0	-1
1726	0	-1
1727	0	-1
1728	0	-1
1729	0	-1
1730	0	-1
1731	0	-1
1732	0	-1
1733	0	-1
1734	0	-1
1735	0	-1
1736	0	-1
1737	0	-1
1738	0	-1
1739	0	-1
1740	0	-1
1741	0	-1
1742	0	-1
1743	0	-1
1744	0	-1
1745	0	-1
1746	0	-1
1747	0	-1
1748	0	-1
1749	0	-1
1750	0	-1
1751	0	-1
1752	0	-1
1753	0	-1
1754	0	-0.833333333333333
1755	0	-0.666666666666667
1756	0	-0.5
1757	0	-0.333333333333333
1758	0	-0.166666666666667
1759	0	0
