position	positive	negative
1	0	-0.166666666666667
2	0	-0.333333333333333
3	0	-0.5
4	0	-0.666666666666667
5	0	-0.833333333333333
6	0	-1
7	0	-1
8	0	-1
9	0	-1
10	0	-1
11	0	-1
12	0	-1
13	0	-1
14	0	-1
15	0	-1
16	0	-1
17	0	-1
18	0	-1
19	0	-1
20	0	-1
21	0	-1
22	0	-1
23	0	-1
24	0	-1
25	0	-1
26	0	-1
27	0	-1
28	0	-1
29	0	-1
30	0	-1
31	0	-1
32	0	-0.666666666666667
33	0	-0.5
34	0	-0.333333333333333
35	0	-0.666666666666667
36	0	-0.666666666666667
37	0	-0.666666666666667
38	0	-0.833333333333333
39	0	-1
40	0	-1
41	0	-1
42	0	-1
43	0	-1
44	0	-1
45	0	-1
46	0	-1
47	0	-1
48	0	-1
49	0	-1
50	0	-1
51	0	-1
52	0	-1
53	0	-1
54	0	-1
55	0	-1
56	0	-1
57	0	-1
58	0	-1
59	0	-1
60	0	-1
61	0	-1
62	0	-1
63	0	-1
64	0	-1
65	0	-1
66	0	-1
67	0	-1
68	0	-1
69	0	-1
70	0	-1
71	0	-1
72	0	-1
73	0	-1
74	0	-1
75	0	-1
76	0	-1
77	0	-1
78	0	-1
79	0	-1
80	0	-1
81	0	-1
82	0	-1
83	0	-1
84	0	-1
85	0	-1
86	0	-1
87	0	-1
88	0	-1
89	0	-1
90	0	-1
91	0	-1
92	0	-1
93	0	-1
94	0	-1
95	0	-1
96	0	-1
97	0	-1
98	0	-1
99	0	-1
100	0	-1
101	0	-1
102	0	-1
103	0	-1
104	0	-1
105	0	-1
106	0	-1
107	0	-1
108	0	-1
109	0	-1
110	0	-1
111	0	-1
112	0	-1
113	0	-1
114	0	-1
115	0	-1
116	0	-1
117	0	-0.666666666666667
118	0	-0.666666666666667
119	0	-0.333333333333333
120	0	0
121	0.166666666666667	0
122	0	0
123	0.166666666666667	0
124	0.333333333333333	0
125	0.5	0
126	0.166666666666667	0
127	0	-0.166666666666667
128	0	-0.5
129	0	-0.833333333333333
130	0	-0.666666666666667
131	0	-0.666666666666667
132	0	-1
133	0	-1
134	0	-1
135	0	-1
136	0	-1
137	0	-1
138	0	-1
139	0	-1
140	0	-1
141	0	-1
142	0	-1
143	0	-1
144	0	-1
145	0	-1
146	0	-1
147	0	-1
148	0	-1
149	0	-1
150	0	-1
151	0	-1
152	0	-1
153	0	-1
154	0	-1
155	0	-1
156	0	-1
157	0	-1
158	0	-1
159	0	-1
160	0	-1
161	0	-1
162	0	-0.666666666666667
163	0	-0.833333333333333
164	0	-0.666666666666667
165	0	-0.833333333333333
166	0	-0.666666666666667
167	0	-0.833333333333333
168	0	-1
169	0	-1
170	0	-1
171	0	-1
172	0	-1
173	0	-1
174	0	-1
175	0	-1
176	0	-1
177	0	-1
178	0	-1
179	0	-1
180	0	-1
181	0	-1
182	0	-1
183	0	-1
184	0	-1
185	0	-1
186	0	-1
187	0	-1
188	0	-1
189	0	-1
190	0	-1
191	0	-1
192	0	-1
193	0	-1
194	0	-1
195	0	-1
196	0	-1
197	0	-1
198	0	-1
199	0	-1
200	0	-1
201	0	-1
202	0	-1
203	0	-1
204	0	-1
205	0	-1
206	0	-1
207	0	-1
208	0	-1
209	0	-1
210	0	-1
211	0	-1
212	0	-1
213	0	-1
214	0	-1
215	0	-1
216	0	-1
217	0	-1
218	0	-1
219	0	-1
220	0	-1
221	0	-1
222	0	-1
223	0	-0.666666666666667
224	0	-0.333333333333333
225	0	0
226	0.333333333333333	0
227	0.5	0
228	0.833333333333333	0
229	1	0
230	1	0
231	1	0
232	1	0
233	1	0
234	1	0
235	1	0
236	1	0
237	1	0
238	0.833333333333333	0
239	0.666666666666667	0
240	0.666666666666667	0
241	0.666666666666667	0
242	0.666666666666667	0
243	1	0
244	1	0
245	1	0
246	1	0
247	1	0
248	1	0
249	1	0
250	1	0
251	1	0
252	1	0
253	1	0
254	1	0
255	1	0
256	1	0
257	1	0
258	1	0
259	1	0
260	1	0
261	1	0
262	1	0
263	1	0
264	1	0
265	1	0
266	1	0
267	1	0
268	1	0
269	1	0
270	1	0
271	1	0
272	1	0
273	1	0
274	1	0
275	1	0
276	1	0
277	1	0
278	1	0
279	1	0
280	1	0
281	1	0
282	1	0
283	1	0
284	1	0
285	1	0
286	1	0
287	1	0
288	0.833333333333333	0
289	1	0
290	1	0
291	0.666666666666667	0
292	0.666666666666667	0
293	0.666666666666667	0
294	1	0
295	1	0
296	1	0
297	1	0
298	1	0
299	1	0
300	1	0
301	1	0
302	1	0
303	1	0
304	1	0
305	1	0
306	1	0
307	1	0
308	1	0
309	1	0
310	1	0
311	1	0
312	1	0
313	0.666666666666667	0
314	0.666666666666667	0
315	0.333333333333333	0
316	0.333333333333333	0
317	0	0
318	0	0
319	0	0
320	0.166666666666667	0
321	0	0
322	0.333333333333333	0
323	0.666666666666667	0
324	1	0
325	1	0
326	1	0
327	1	0
328	1	0
329	1	0
330	0.666666666666667	0
331	0.833333333333333	0
332	0.5	0
333	0.333333333333333	0
334	0.333333333333333	0
335	0.333333333333333	0
336	0.666666666666667	0
337	0.666666666666667	0
338	1	0
339	0.666666666666667	0
340	0.666666666666667	0
341	0.666666666666667	0
342	0.666666666666667	0
343	0.666666666666667	0
344	0.333333333333333	0
345	0.666666666666667	0
346	1	0
347	1	0
348	0.666666666666667	0
349	0.666666666666667	0
350	0.833333333333333	0
351	1	0
352	1	0
353	1	0
354	1	0
355	1	0
356	1	0
357	1	0
358	1	0
359	1	0
360	1	0
361	1	0
362	1	0
363	1	0
364	1	0
365	1	0
366	1	0
367	1	0
368	1	0
369	0.666666666666667	0
370	0.666666666666667	0
371	0.666666666666667	0
372	0.666666666666667	0
373	0.666666666666667	0
374	0.666666666666667	0
375	1	0
376	1	0
377	1	0
378	1	0
379	1	0
380	0.666666666666667	0
381	0.333333333333333	0
382	0	0
383	0	-0.333333333333333
384	0	-0.666666666666667
385	0	-1
386	0	-0.666666666666667
387	0	-0.333333333333333
388	0	0
389	0.333333333333333	0
390	0.666666666666667	0
391	1	0
392	1	0
393	0.666666666666667	0
394	0.333333333333333	0
395	0	0
396	0	-0.166666666666667
397	0	-0.333333333333333
398	0	-0.666666666666667
399	0	-0.666666666666667
400	0	-0.833333333333333
401	0	-1
402	0	-1
403	0	-1
404	0	-1
405	0	-1
406	0	-1
407	0	-1
408	0	-1
409	0	-1
410	0	-1
411	0	-1
412	0	-1
413	0	-1
414	0	-1
415	0	-1
416	0	-1
417	0	-1
418	0	-1
419	0	-1
420	0	-1
421	0	-1
422	0	-1
423	0	-1
424	0	-1
425	0	-1
426	0	-1
427	0	-1
428	0	-1
429	0	-1
430	0	-1
431	0	-1
432	0	-1
433	0	-1
434	0	-1
435	0	-1
436	0	-1
437	0	-0.666666666666667
438	0	-0.333333333333333
439	0	-0.5
440	0	-0.666666666666667
441	0	-0.666666666666667
442	0	-0.666666666666667
443	0	-1
444	0	-1
445	0	-1
446	0	-1
447	0	-1
448	0	-1
449	0	-1
450	0	-1
451	0	-1
452	0	-1
453	0	-1
454	0	-1
455	0	-1
456	0	-1
457	0	-1
458	0	-1
459	0	-1
460	0	-1
461	0	-1
462	0	-1
463	0	-1
464	0	-1
465	0	-1
466	0	-1
467	0	-1
468	0	-1
469	0	-1
470	0	-1
471	0	-1
472	0	-1
473	0	-1
474	0	-1
475	0	-1
476	0	-1
477	0	-1
478	0	-1
479	0	-1
480	0	-1
481	0	-1
482	0	-1
483	0	-1
484	0	-1
485	0	-1
486	0	-1
487	0	-1
488	0	-1
489	0	-1
490	0	-1
491	0	-1
492	0	-0.833333333333333
493	0	-0.666666666666667
494	0	-0.333333333333333
495	0	-0.333333333333333
496	0	-0.333333333333333
497	0	-0.333333333333333
498	0	-0.5
499	0	-0.666666666666667
500	0	-0.833333333333333
501	0	-0.833333333333333
502	0	-1
503	0	-1
504	0	-1
505	0	-1
506	0	-1
507	0	-1
508	0	-1
509	0	-1
510	0	-1
511	0	-1
512	0	-1
513	0	-1
514	0	-1
515	0	-1
516	0	-1
517	0	-1
518	0	-1
519	0	-1
520	0	-1
521	0	-1
522	0	-1
523	0	-1
524	0	-1
525	0	-1
526	0	-1
527	0	-1
528	0	-1
529	0	-1
530	0	-1
531	0	-1
532	0	-1
533	0	-1
534	0	-1
535	0	-1
536	0	-1
537	0	-1
538	0	-1
539	0	-1
540	0	-1
541	0	-1
542	0	-0.833333333333333
543	0	-0.5
544	0	-0.333333333333333
545	0	-0.333333333333333
546	0	0
547	0	0
548	0.333333333333333	0
549	0	0
550	0.333333333333333	0
551	0.333333333333333	0
552	0.666666666666667	0
553	1	0
554	1	0
555	1	0
556	1	0
557	1	0
558	1	0
559	1	0
560	1	0
561	0.666666666666667	0
562	0.333333333333333	0
563	0	0
564	0	-0.333333333333333
565	0	-0.333333333333333
566	0	-0.5
567	0	-0.666666666666667
568	0	-0.666666666666667
569	0	-0.666666666666667
570	0	-0.333333333333333
571	0	-0.166666666666667
572	0.166666666666667	0
573	0.5	0
574	0.833333333333333	0
575	1	0
576	1	0
577	1	0
578	1	0
579	0.666666666666667	0
580	0.333333333333333	0
581	0.166666666666667	0
582	0.166666666666667	0
583	0	0
584	0.333333333333333	0
585	0.666666666666667	0
586	1	0
587	1	0
588	1	0
589	1	0
590	1	0
591	1	0
592	1	0
593	1	0
594	1	0
595	0.666666666666667	0
596	0.333333333333333	0
597	0	0
598	0	-0.166666666666667
599	0	-0.333333333333333
600	0	-0.333333333333333
601	0	0
602	0.166666666666667	0
603	0.333333333333333	0
604	0.666666666666667	0
605	0.666666666666667	0
606	0.666666666666667	0
607	0.666666666666667	0
608	0.666666666666667	0
609	0.666666666666667	0
610	0.666666666666667	0
611	0.666666666666667	0
612	1	0
613	1	0
614	1	0
615	1	0
616	1	0
617	1	0
618	1	0
619	1	0
620	1	0
621	1	0
622	1	0
623	1	0
624	1	0
625	1	0
626	1	0
627	1	0
628	1	0
629	1	0
630	1	0
631	1	0
632	1	0
633	1	0
634	1	0
635	1	0
636	1	0
637	1	0
638	1	0
639	1	0
640	1	0
641	0.666666666666667	0
642	0.666666666666667	0
643	0.333333333333333	0
644	0.166666666666667	0
645	0	0
646	0	-0.333333333333333
647	0	-0.666666666666667
648	0	-1
649	0	-1
650	0	-1
651	0	-1
652	0	-1
653	0	-1
654	0	-0.666666666666667
655	0	-0.333333333333333
656	0	0
657	0	0
658	0	0
659	0	-0.166666666666667
660	0	-0.333333333333333
661	0	-0.333333333333333
662	0	-0.333333333333333
663	0	0
664	0	0
665	0.333333333333333	0
666	0.666666666666667	0
667	1	0
668	1	0
669	1	0
670	1	0
671	1	0
672	1	0
673	1	0
674	1	0
675	1	0
676	0.666666666666667	0
677	0.666666666666667	0
678	0.333333333333333	0
679	0	0
680	0	-0.333333333333333
681	0	-0.666666666666667
682	0	-1
683	0	-0.833333333333333
684	0	-0.666666666666667
685	0	-0.5
686	0	-0.333333333333333
687	0	-0.166666666666667
688	0	0
