position	positive	negative
1	0	-0.166666666666667
2	0	-0.333333333333333
3	0	-0.5
4	0	-0.666666666666667
5	0	-0.833333333333333
6	0	-1
7	0	-1
8	0	-1
9	0	-1
10	0	-1
11	0	-1
12	0	-1
13	0	-1
14	0	-1
15	0	-1
16	0	-1
17	0	-1
18	0	-1
19	0	-1
20	0	-1
21	0	-1
22	0	-1
23	0	-1
24	0	-1
25	0	-1
26	0	-1
27	0	-1
28	0	-1
29	0	-1
30	0	-1
31	0	-1
32	0	-1
33	0	-1
34	0	-1
35	0	-1
36	0	-1
37	0	-1
38	0	-1
39	0	-1
40	0	-0.666666666666667
41	0	-0.666666666666667
42	0	-0.5
43	0	-0.166666666666667
44	0	-0.166666666666667
45	0	-0.333333333333333
46	0	-0.5
47	0	-0.666666666666667
48	0	-0.833333333333333
49	0	-1
50	0	-1
51	0	-1
52	0	-0.666666666666667
53	0	-0.666666666666667
54	0	-0.666666666666667
55	0	-0.666666666666667
56	0	-1
57	0	-1
58	0	-0.833333333333333
59	0	-0.666666666666667
60	0	-0.333333333333333
61	0	0
62	0	0
63	0	0
64	0.333333333333333	0
65	0.666666666666667	0
66	1	0
67	1	0
68	1	0
69	1	0
70	1	0
71	1	0
72	1	0
73	1	0
74	1	0
75	1	0
76	1	0
77	1	0
78	1	0
79	1	0
80	1	0
81	1	0
82	1	0
83	1	0
84	1	0
85	1	0
86	1	0
87	1	0
88	1	0
89	1	0
90	1	0
91	1	0
92	1	0
93	1	0
94	1	0
95	1	0
96	0.666666666666667	0
97	0.333333333333333	0
98	0	0
99	0	-0.166666666666667
100	0	0
101	0	-0.333333333333333
102	0	-0.666666666666667
103	0	-0.666666666666667
104	0	-1
105	0	-1
106	0	-1
107	0	-1
108	0	-1
109	0	-1
110	0	-1
111	0	-1
112	0	-1
113	0	-1
114	0	-1
115	0	-1
116	0	-1
117	0	-1
118	0	-1
119	0	-1
120	0	-1
121	0	-1
122	0	-1
123	0	-1
124	0	-0.666666666666667
125	0	-0.333333333333333
126	0	0
127	0.333333333333333	0
128	0.666666666666667	0
129	0.666666666666667	0
130	0.5	0
131	0.666666666666667	0
132	1	0
133	1	0
134	1	0
135	1	0
136	1	0
137	1	0
138	1	0
139	1	0
140	1	0
141	1	0
142	1	0
143	1	0
144	1	0
145	1	0
146	1	0
147	1	0
148	1	0
149	1	0
150	1	0
151	1	0
152	1	0
153	1	0
154	1	0
155	1	0
156	1	0
157	1	0
158	1	0
159	1	0
160	1	0
161	1	0
162	1	0
163	1	0
164	1	0
165	1	0
166	1	0
167	0.666666666666667	0
168	0.666666666666667	0
169	1	0
170	1	0
171	1	0
172	1	0
173	1	0
174	1	0
175	1	0
176	1	0
177	1	0
178	1	0
179	1	0
180	1	0
181	1	0
182	1	0
183	1	0
184	1	0
185	1	0
186	1	0
187	1	0
188	1	0
189	1	0
190	1	0
191	1	0
192	1	0
193	1	0
194	1	0
195	1	0
196	1	0
197	1	0
198	1	0
199	1	0
200	1	0
201	1	0
202	1	0
203	1	0
204	1	0
205	1	0
206	1	0
207	1	0
208	1	0
209	1	0
210	1	0
211	1	0
212	1	0
213	1	0
214	1	0
215	1	0
216	1	0
217	1	0
218	1	0
219	1	0
220	1	0
221	1	0
222	1	0
223	1	0
224	1	0
225	1	0
226	1	0
227	1	0
228	1	0
229	1	0
230	1	0
231	1	0
232	1	0
233	1	0
234	1	0
235	1	0
236	1	0
237	1	0
238	1	0
239	1	0
240	1	0
241	1	0
242	1	0
243	1	0
244	1	0
245	1	0
246	1	0
247	1	0
248	1	0
249	0.666666666666667	0
250	0.333333333333333	0
251	0.333333333333333	0
252	0.333333333333333	0
253	0.333333333333333	0
254	0	0
255	0.333333333333333	0
256	0.333333333333333	0
257	0.333333333333333	0
258	0.333333333333333	0
259	0.666666666666667	0
260	1	0
261	1	0
262	1	0
263	1	0
264	1	0
265	1	0
266	1	0
267	1	0
268	1	0
269	1	0
270	1	0
271	1	0
272	1	0
273	1	0
274	1	0
275	1	0
276	1	0
277	1	0
278	1	0
279	1	0
280	1	0
281	1	0
282	0.666666666666667	0
283	0.333333333333333	0
284	0	0
285	0	-0.333333333333333
286	0	-0.666666666666667
287	0	-1
288	0	-1
289	0	-1
290	0	-1
291	0	-1
292	0	-1
293	0	-1
294	0	-1
295	0	-1
296	0	-1
297	0	-1
298	0	-1
299	0	-1
300	0	-1
301	0	-1
302	0	-1
303	0	-1
304	0	-0.666666666666667
305	0	-0.333333333333333
306	0	0
307	0.333333333333333	0
308	0.666666666666667	0
309	1	0
310	1	0
311	1	0
312	1	0
313	1	0
314	1	0
315	1	0
316	1	0
317	1	0
318	1	0
319	1	0
320	1	0
321	1	0
322	1	0
323	1	0
324	1	0
325	1	0
326	1	0
327	1	0
328	1	0
329	1	0
330	1	0
331	1	0
332	1	0
333	1	0
334	1	0
335	1	0
336	1	0
337	1	0
338	1	0
339	0.666666666666667	0
340	0.333333333333333	0
341	0	0
342	0	-0.333333333333333
343	0	-0.666666666666667
344	0	-1
345	0	-1
346	0	-0.666666666666667
347	0	-0.666666666666667
348	0	-0.666666666666667
349	0	-0.5
350	0	-0.166666666666667
351	0	-0.333333333333333
352	0	-0.333333333333333
353	0	-0.333333333333333
354	0	-0.5
355	0	-0.666666666666667
356	0	-1
357	0	-1
358	0	-1
359	0	-1
360	0	-1
361	0	-1
362	0	-1
363	0	-1
364	0	-1
365	0	-0.666666666666667
366	0	-0.333333333333333
367	0	0
368	0.333333333333333	0
369	0.666666666666667	0
370	1	0
371	1	0
372	1	0
373	1	0
374	1	0
375	1	0
376	1	0
377	1	0
378	1	0
379	1	0
380	1	0
381	1	0
382	1	0
383	1	0
384	1	0
385	1	0
386	1	0
387	1	0
388	1	0
389	1	0
390	1	0
391	1	0
392	1	0
393	1	0
394	1	0
395	1	0
396	1	0
397	1	0
398	1	0
399	1	0
400	1	0
401	1	0
402	1	0
403	0.666666666666667	0
404	0.666666666666667	0
405	0.666666666666667	0
406	0.666666666666667	0
407	0.333333333333333	0
408	0	0
409	0	-0.333333333333333
410	0	-0.666666666666667
411	0	-1
412	0	-0.833333333333333
413	0	-0.666666666666667
414	0	-0.5
415	0	-0.333333333333333
416	0	-0.166666666666667
417	0	0
