position	positive	negative
1	0	-0.166666666666667
2	0	-0.333333333333333
3	0	-0.5
4	0	-0.666666666666667
5	0	-0.833333333333333
6	0	-1
7	0	-1
8	0	-1
9	0	-1
10	0	-0.666666666666667
11	0	-0.333333333333333
12	0	0
13	0.333333333333333	0
14	0.666666666666667	0
15	0.666666666666667	0
16	1	0
17	1	0
18	1	0
19	1	0
20	1	0
21	1	0
22	1	0
23	1	0
24	0.833333333333333	0
25	0.666666666666667	0
26	0.5	0
27	0.666666666666667	0
28	0.666666666666667	0
29	0.666666666666667	0
30	0.666666666666667	0
31	1	0
32	1	0
33	1	0
34	1	0
35	1	0
36	1	0
37	1	0
38	1	0
39	0.666666666666667	0
40	0.666666666666667	0
41	1	0
42	1	0
43	1	0
44	1	0
45	1	0
46	1	0
47	1	0
48	1	0
49	1	0
50	1	0
51	1	0
52	1	0
53	1	0
54	1	0
55	1	0
56	1	0
57	1	0
58	0.666666666666667	0
59	0.666666666666667	0
60	0.333333333333333	0
61	0	0
62	0	0
63	0	0
64	0.166666666666667	0
65	0.333333333333333	0
66	0.5	0
67	0.666666666666667	0
68	0.666666666666667	0
69	0.666666666666667	0
70	1	0
71	1	0
72	1	0
73	1	0
74	1	0
75	1	0
76	1	0
77	1	0
78	1	0
79	1	0
80	1	0
81	1	0
82	1	0
83	1	0
84	1	0
85	1	0
86	0.666666666666667	0
87	0.666666666666667	0
88	0.333333333333333	0
89	0.333333333333333	0
90	0.333333333333333	0
91	0.333333333333333	0
92	0.666666666666667	0
93	1	0
94	1	0
95	1	0
96	1	0
97	1	0
98	1	0
99	1	0
100	1	0
101	1	0
102	1	0
103	1	0
104	0.666666666666667	0
105	0.666666666666667	0
106	0.333333333333333	0
107	0.166666666666667	0
108	0.333333333333333	0
109	0.333333333333333	0
110	0	0
111	0.166666666666667	0
112	0.333333333333333	0
113	0.333333333333333	0
114	0.333333333333333	0
115	0.333333333333333	0
116	0.666666666666667	0
117	0.666666666666667	0
118	1	0
119	1	0
120	1	0
121	1	0
122	1	0
123	0.833333333333333	0
124	0.666666666666667	0
125	0.5	0
126	0.333333333333333	0
127	0	0
128	0	-0.333333333333333
129	0	-0.5
130	0	-0.666666666666667
131	0	-0.666666666666667
132	0	-0.666666666666667
133	0	-0.666666666666667
134	0	-0.333333333333333
135	0	-0.666666666666667
136	0	-0.666666666666667
137	0	-1
138	0	-1
139	0	-0.833333333333333
140	0	-1
141	0	-0.833333333333333
142	0	-0.666666666666667
143	0	-0.666666666666667
144	0	-0.333333333333333
145	0	0
146	0	-0.166666666666667
147	0	0
148	0	-0.166666666666667
149	0	-0.333333333333333
150	0	-0.666666666666667
151	0	-1
152	0	-1
153	0	-1
154	0	-1
155	0	-1
156	0	-1
157	0	-1
158	0	-1
159	0	-1
160	0	-1
161	0	-1
162	0	-1
163	0	-1
164	0	-1
165	0	-1
166	0	-1
167	0	-1
168	0	-1
169	0	-1
170	0	-1
171	0	-1
172	0	-1
173	0	-1
174	0	-1
175	0	-1
176	0	-1
177	0	-1
178	0	-1
179	0	-1
180	0	-1
181	0	-1
182	0	-1
183	0	-1
184	0	-1
185	0	-1
186	0	-1
187	0	-1
188	0	-1
189	0	-1
190	0	-1
191	0	-1
192	0	-1
193	0	-0.833333333333333
194	0	-0.666666666666667
195	0	-0.5
196	0	-0.333333333333333
197	0	-0.166666666666667
198	0	0
