position	positive	negative
1	0	-0.166666666666667
2	0	-0.333333333333333
3	0	-0.5
4	0	-0.666666666666667
5	0	-0.833333333333333
6	0	-1
7	0	-1
8	0	-1
9	0	-1
10	0	-1
11	0	-1
12	0	-1
13	0	-1
14	0	-1
15	0	-1
16	0	-1
17	0	-1
18	0	-1
19	0	-1
20	0	-1
21	0	-1
22	0	-1
23	0	-1
24	0	-1
25	0	-1
26	0	-1
27	0	-1
28	0	-1
29	0	-1
30	0	-1
31	0	-1
32	0	-1
33	0	-1
34	0	-1
35	0	-1
36	0	-1
37	0	-1
38	0	-1
39	0	-1
40	0	-1
41	0	-1
42	0	-1
43	0	-1
44	0	-1
45	0	-1
46	0	-1
47	0	-1
48	0	-1
49	0	-1
50	0	-1
51	0	-1
52	0	-1
53	0	-1
54	0	-1
55	0	-1
56	0	-1
57	0	-1
58	0	-1
59	0	-1
60	0	-1
61	0	-1
62	0	-1
63	0	-1
64	0	-1
65	0	-1
66	0	-1
67	0	-1
68	0	-1
69	0	-1
70	0	-1
71	0	-1
72	0	-1
73	0	-1
74	0	-1
75	0	-1
76	0	-1
77	0	-1
78	0	-1
79	0	-1
80	0	-1
81	0	-1
82	0	-1
83	0	-1
84	0	-1
85	0	-1
86	0	-1
87	0	-1
88	0	-1
89	0	-1
90	0	-1
91	0	-1
92	0	-1
93	0	-1
94	0	-1
95	0	-1
96	0	-1
97	0	-1
98	0	-1
99	0	-1
100	0	-1
101	0	-1
102	0	-1
103	0	-1
104	0	-1
105	0	-1
106	0	-1
107	0	-1
108	0	-1
109	0	-1
110	0	-1
111	0	-1
112	0	-1
113	0	-1
114	0	-1
115	0	-1
116	0	-1
117	0	-1
118	0	-1
119	0	-1
120	0	-1
121	0	-1
122	0	-1
123	0	-1
124	0	-1
125	0	-1
126	0	-1
127	0	-1
128	0	-1
129	0	-1
130	0	-1
131	0	-1
132	0	-1
133	0	-1
134	0	-1
135	0	-1
136	0	-1
137	0	-1
138	0	-1
139	0	-1
140	0	-1
141	0	-1
142	0	-1
143	0	-1
144	0	-1
145	0	-1
146	0	-1
147	0	-0.666666666666667
148	0	-0.333333333333333
149	0	0
150	0.333333333333333	0
151	0.666666666666667	0
152	0.833333333333333	0
153	1	0
154	1	0
155	1	0
156	1	0
157	1	0
158	1	0
159	1	0
160	1	0
161	1	0
162	1	0
163	1	0
164	1	0
165	1	0
166	1	0
167	1	0
168	1	0
169	1	0
170	1	0
171	1	0
172	1	0
173	1	0
174	1	0
175	1	0
176	0.833333333333333	0
177	0.666666666666667	0
178	0.666666666666667	0
179	0.666666666666667	0
180	0.666666666666667	0
181	0.666666666666667	0
182	0.666666666666667	0
183	0.666666666666667	0
184	1	0
185	0.666666666666667	0
186	0.666666666666667	0
187	0.666666666666667	0
188	1	0
189	1	0
190	1	0
191	1	0
192	1	0
193	1	0
194	1	0
195	1	0
196	1	0
197	1	0
198	1	0
199	1	0
200	1	0
201	1	0
202	1	0
203	1	0
204	1	0
205	1	0
206	1	0
207	1	0
208	1	0
209	1	0
210	1	0
211	1	0
212	1	0
213	1	0
214	1	0
215	1	0
216	1	0
217	1	0
218	1	0
219	1	0
220	1	0
221	1	0
222	1	0
223	1	0
224	1	0
225	1	0
226	1	0
227	1	0
228	1	0
229	1	0
230	0.666666666666667	0
231	0.666666666666667	0
232	0.666666666666667	0
233	0.333333333333333	0
234	0.333333333333333	0
235	0.333333333333333	0
236	0.333333333333333	0
237	0.333333333333333	0
238	0.333333333333333	0
239	0.333333333333333	0
240	0.333333333333333	0
241	0	0
242	0	-0.333333333333333
243	0	-0.333333333333333
244	0	-0.333333333333333
245	0	0
246	0.333333333333333	0
247	0.333333333333333	0
248	0.666666666666667	0
249	0.666666666666667	0
250	1	0
251	1	0
252	1	0
253	1	0
254	1	0
255	1	0
256	0.666666666666667	0
257	0.666666666666667	0
258	0.666666666666667	0
259	0.666666666666667	0
260	0.666666666666667	0
261	0.666666666666667	0
262	1	0
263	0.666666666666667	0
264	0.666666666666667	0
265	0.666666666666667	0
266	0.666666666666667	0
267	0.666666666666667	0
268	0.666666666666667	0
269	0.833333333333333	0
270	1	0
271	1	0
272	1	0
273	1	0
274	1	0
275	1	0
276	1	0
277	1	0
278	1	0
279	1	0
280	1	0
281	1	0
282	1	0
283	1	0
284	1	0
285	1	0
286	1	0
287	1	0
288	1	0
289	1	0
290	1	0
291	1	0
292	1	0
293	1	0
294	1	0
295	1	0
296	1	0
297	1	0
298	1	0
299	1	0
300	1	0
301	0.666666666666667	0
302	0.333333333333333	0
303	0	0
304	0	-0.333333333333333
305	0	-0.666666666666667
306	0	-1
307	0	-1
308	0	-1
309	0	-1
310	0	-1
311	0	-1
312	0	-1
313	0	-1
314	0	-1
315	0	-0.666666666666667
316	0	-0.666666666666667
317	0	-0.666666666666667
318	0	-0.5
319	0	-0.333333333333333
320	0	0
321	0	0
322	0	0
323	0.333333333333333	0
324	0.5	0
325	0.833333333333333	0
326	1	0
327	1	0
328	1	0
329	1	0
330	1	0
331	1	0
332	1	0
333	1	0
334	1	0
335	1	0
336	1	0
337	1	0
338	1	0
339	1	0
340	1	0
341	1	0
342	1	0
343	1	0
344	1	0
345	1	0
346	1	0
347	1	0
348	1	0
349	1	0
350	1	0
351	1	0
352	1	0
353	1	0
354	1	0
355	1	0
356	1	0
357	1	0
358	0.833333333333333	0
359	0.833333333333333	0
360	0.666666666666667	0
361	0.333333333333333	0
362	0.333333333333333	0
363	0.333333333333333	0
364	0	0
365	0	0
366	0	0
367	0	0
368	0	-0.333333333333333
369	0	-0.333333333333333
370	0	-0.666666666666667
371	0	-0.666666666666667
372	0	-0.666666666666667
373	0	-0.666666666666667
374	0	-0.666666666666667
375	0	-0.666666666666667
376	0	-0.833333333333333
377	0	-1
378	0	-1
379	0	-1
380	0	-1
381	0	-1
382	0	-1
383	0	-1
384	0	-1
385	0	-1
386	0	-1
387	0	-1
388	0	-1
389	0	-1
390	0	-1
391	0	-1
392	0	-1
393	0	-1
394	0	-1
395	0	-1
396	0	-1
397	0	-1
398	0	-1
399	0	-1
400	0	-1
401	0	-1
402	0	-1
403	0	-0.666666666666667
404	0	-0.333333333333333
405	0	0
406	0.166666666666667	0
407	0.333333333333333	0
408	0.333333333333333	0
409	0.333333333333333	0
410	0	0
411	0	0
412	0	-0.333333333333333
413	0	-0.333333333333333
414	0	-0.333333333333333
415	0	0
416	0.333333333333333	0
417	0.666666666666667	0
418	0.666666666666667	0
419	0.333333333333333	0
420	0	0
421	0	-0.333333333333333
422	0	-0.333333333333333
423	0	-0.333333333333333
424	0	-0.333333333333333
425	0	-0.333333333333333
426	0	-0.333333333333333
427	0	-0.166666666666667
428	0	0
429	0	-0.333333333333333
430	0	-0.333333333333333
431	0	-0.666666666666667
432	0	-0.333333333333333
433	0	-0.333333333333333
434	0	-0.333333333333333
435	0	-0.166666666666667
436	0	0
437	0	-0.333333333333333
438	0	-0.166666666666667
439	0	0
440	0	0
441	0.333333333333333	0
442	0.666666666666667	0
443	1	0
444	0.833333333333333	0
445	0.666666666666667	0
446	1	0
447	1	0
448	0.666666666666667	0
449	0.666666666666667	0
450	1	0
451	1	0
452	1	0
453	1	0
454	1	0
455	1	0
456	1	0
457	1	0
458	0.666666666666667	0
459	0.5	0
460	0.333333333333333	0
461	0.333333333333333	0
462	0.333333333333333	0
463	0	0
464	0	0
465	0	-0.333333333333333
466	0	-0.5
467	0	-0.666666666666667
468	0	-1
469	0	-1
470	0	-1
471	0	-1
472	0	-1
473	0	-1
474	0	-1
475	0	-1
476	0	-1
477	0	-1
478	0	-1
479	0	-1
480	0	-1
481	0	-1
482	0	-1
483	0	-1
484	0	-1
485	0	-1
486	0	-1
487	0	-1
488	0	-1
489	0	-1
490	0	-1
491	0	-1
492	0	-1
493	0	-1
494	0	-1
495	0	-1
496	0	-1
497	0	-1
498	0	-0.833333333333333
499	0	-0.666666666666667
500	0	-0.5
501	0	-0.333333333333333
502	0	-0.166666666666667
503	0	0
