position	positive	negative
1	0	-0.166666666666667
2	0	-0.333333333333333
3	0	-0.5
4	0	-0.666666666666667
5	0	-0.833333333333333
6	0	-1
7	0	-1
8	0	-1
9	0	-0.666666666666667
10	0	-0.333333333333333
11	0	0
12	0.333333333333333	0
13	0.666666666666667	0
14	0.833333333333333	0
15	1	0
16	1	0
17	1	0
18	1	0
19	1	0
20	1	0
21	1	0
22	1	0
23	1	0
24	1	0
25	1	0
26	1	0
27	1	0
28	1	0
29	1	0
30	1	0
31	0.666666666666667	0
32	0.666666666666667	0
33	0.666666666666667	0
34	0.333333333333333	0
35	0	0
36	0	0
37	0	-0.333333333333333
38	0	-0.666666666666667
39	0	-0.666666666666667
40	0	-1
41	0	-1
42	0	-0.833333333333333
43	0	-0.666666666666667
44	0	-0.666666666666667
45	0	-0.333333333333333
46	0	0
47	0.333333333333333	0
48	0.666666666666667	0
49	0.666666666666667	0
50	1	0
51	1	0
52	1	0
53	1	0
54	1	0
55	1	0
56	1	0
57	1	0
58	1	0
59	1	0
60	1	0
61	1	0
62	1	0
63	1	0
64	1	0
65	1	0
66	1	0
67	1	0
68	0.666666666666667	0
69	0.666666666666667	0
70	0.333333333333333	0
71	0.333333333333333	0
72	0.666666666666667	0
73	0.666666666666667	0
74	1	0
75	1	0
76	1	0
77	1	0
78	1	0
79	1	0
80	1	0
81	1	0
82	1	0
83	1	0
84	1	0
85	1	0
86	1	0
87	0.666666666666667	0
88	0.333333333333333	0
89	0.333333333333333	0
90	0	0
91	0	0
92	0	0
93	0.333333333333333	0
94	0.666666666666667	0
95	0.666666666666667	0
96	0.666666666666667	0
97	0.666666666666667	0
98	0.833333333333333	0
99	0.833333333333333	0
100	0.833333333333333	0
101	1	0
102	1	0
103	1	0
104	1	0
105	1	0
106	1	0
107	1	0
108	1	0
109	1	0
110	1	0
111	1	0
112	1	0
113	1	0
114	1	0
115	0.666666666666667	0
116	0.333333333333333	0
117	0	0
118	0	-0.333333333333333
119	0	-0.666666666666667
120	0	-1
121	0	-1
122	0	-0.666666666666667
123	0	-0.333333333333333
124	0	0
125	0.333333333333333	0
126	0.666666666666667	0
127	1	0
128	1	0
129	0.666666666666667	0
130	0.666666666666667	0
131	0.666666666666667	0
132	0.666666666666667	0
133	0.666666666666667	0
134	0.666666666666667	0
135	1	0
136	1	0
137	1	0
138	1	0
139	1	0
140	1	0
141	0.666666666666667	0
142	0.333333333333333	0
143	0	0
144	0	-0.333333333333333
145	0	-0.666666666666667
146	0	-0.666666666666667
147	0	-1
148	0	-1
149	0	-1
150	0	-1
151	0	-1
152	0	-1
153	0	-1
154	0	-1
155	0	-1
156	0	-1
157	0	-1
158	0	-1
159	0	-1
160	0	-1
161	0	-1
162	0	-1
163	0	-1
164	0	-1
165	0	-1
166	0	-1
167	0	-1
168	0	-1
169	0	-1
170	0	-1
171	0	-1
172	0	-1
173	0	-1
174	0	-0.666666666666667
175	0	-0.666666666666667
176	0	-0.833333333333333
177	0	-0.833333333333333
178	0	-0.666666666666667
179	0	-0.333333333333333
180	0	-0.666666666666667
181	0	-1
182	0	-1
183	0	-1
184	0	-1
185	0	-1
186	0	-1
187	0	-1
188	0	-1
189	0	-1
190	0	-1
191	0	-1
192	0	-1
193	0	-1
194	0	-1
195	0	-1
196	0	-1
197	0	-1
198	0	-1
199	0	-1
200	0	-1
201	0	-1
202	0	-1
203	0	-1
204	0	-1
205	0	-1
206	0	-1
207	0	-1
208	0	-1
209	0	-1
210	0	-1
211	0	-1
212	0	-1
213	0	-1
214	0	-1
215	0	-1
216	0	-1
217	0	-1
218	0	-1
219	0	-1
220	0	-1
221	0	-1
222	0	-1
223	0	-1
224	0	-1
225	0	-1
226	0	-1
227	0	-1
228	0	-1
229	0	-1
230	0	-1
231	0	-1
232	0	-1
233	0	-1
234	0	-1
235	0	-1
236	0	-1
237	0	-1
238	0	-1
239	0	-1
240	0	-1
241	0	-1
242	0	-1
243	0	-1
244	0	-1
245	0	-1
246	0	-1
247	0	-1
248	0	-1
249	0	-1
250	0	-1
251	0	-1
252	0	-1
253	0	-1
254	0	-1
255	0	-1
256	0	-1
257	0	-1
258	0	-1
259	0	-1
260	0	-1
261	0	-1
262	0	-1
263	0	-1
264	0	-1
265	0	-1
266	0	-1
267	0	-1
268	0	-1
269	0	-1
270	0	-1
271	0	-1
272	0	-1
273	0	-1
274	0	-1
275	0	-0.833333333333333
276	0	-0.666666666666667
277	0	-0.5
278	0	-0.333333333333333
279	0	-0.166666666666667
280	0	0
