position	positive	negative
1	0	-0.166666666666667
2	0	-0.333333333333333
3	0	-0.5
4	0	-0.666666666666667
5	0	-0.833333333333333
6	0	-1
7	0	-1
8	0	-1
9	0	-1
10	0	-1
11	0	-1
12	0	-1
13	0	-1
14	0	-1
15	0	-1
16	0	-1
17	0	-1
18	0	-1
19	0	-1
20	0	-1
21	0	-1
22	0	-1
23	0	-1
24	0	-1
25	0	-1
26	0	-1
27	0	-1
28	0	-1
29	0	-1
30	0	-1
31	0	-1
32	0	-1
33	0	-1
34	0	-1
35	0	-1
36	0	-1
37	0	-1
38	0	-1
39	0	-1
40	0	-1
41	0	-1
42	0	-1
43	0	-1
44	0	-1
45	0	-1
46	0	-1
47	0	-1
48	0	-1
49	0	-1
50	0	-1
51	0	-1
52	0	-1
53	0	-1
54	0	-1
55	0	-1
56	0	-1
57	0	-1
58	0	-1
59	0	-1
60	0	-1
61	0	-0.666666666666667
62	0	-0.333333333333333
63	0	0
64	0.333333333333333	0
65	0.666666666666667	0
66	1	0
67	1	0
68	1	0
69	1	0
70	1	0
71	1	0
72	1	0
73	1	0
74	1	0
75	1	0
76	1	0
77	1	0
78	1	0
79	1	0
80	1	0
81	1	0
82	1	0
83	1	0
84	1	0
85	1	0
86	1	0
87	1	0
88	1	0
89	1	0
90	1	0
91	1	0
92	1	0
93	1	0
94	1	0
95	1	0
96	1	0
97	1	0
98	0.666666666666667	0
99	0.666666666666667	0
100	0.666666666666667	0
101	0.666666666666667	0
102	0.666666666666667	0
103	1	0
104	1	0
105	1	0
106	1	0
107	1	0
108	1	0
109	1	0
110	1	0
111	1	0
112	1	0
113	1	0
114	1	0
115	1	0
116	1	0
117	1	0
118	1	0
119	1	0
120	1	0
121	1	0
122	1	0
123	1	0
124	1	0
125	1	0
126	1	0
127	1	0
128	1	0
129	1	0
130	1	0
131	1	0
132	1	0
133	1	0
134	1	0
135	1	0
136	1	0
137	1	0
138	1	0
139	1	0
140	1	0
141	1	0
142	1	0
143	1	0
144	1	0
145	1	0
146	1	0
147	1	0
148	1	0
149	1	0
150	0.666666666666667	0
151	0.666666666666667	0
152	0.333333333333333	0
153	0.333333333333333	0
154	0.333333333333333	0
155	0.333333333333333	0
156	0.333333333333333	0
157	0.333333333333333	0
158	0.333333333333333	0
159	0	0
160	0	0
161	0.333333333333333	0
162	0.333333333333333	0
163	0.333333333333333	0
164	0.666666666666667	0
165	1	0
166	1	0
167	1	0
168	1	0
169	1	0
170	1	0
171	1	0
172	1	0
173	1	0
174	1	0
175	1	0
176	1	0
177	1	0
178	1	0
179	1	0
180	1	0
181	1	0
182	1	0
183	1	0
184	1	0
185	1	0
186	1	0
187	1	0
188	1	0
189	1	0
190	1	0
191	1	0
192	1	0
193	1	0
194	1	0
195	1	0
196	1	0
197	1	0
198	1	0
199	1	0
200	1	0
201	1	0
202	1	0
203	1	0
204	1	0
205	1	0
206	1	0
207	1	0
208	1	0
209	1	0
210	1	0
211	1	0
212	1	0
213	1	0
214	1	0
215	1	0
216	1	0
217	1	0
218	1	0
219	1	0
220	1	0
221	1	0
222	1	0
223	1	0
224	1	0
225	1	0
226	1	0
227	1	0
228	1	0
229	1	0
230	1	0
231	1	0
232	1	0
233	1	0
234	1	0
235	1	0
236	1	0
237	1	0
238	1	0
239	1	0
240	1	0
241	1	0
242	1	0
243	1	0
244	1	0
245	1	0
246	1	0
247	1	0
248	1	0
249	1	0
250	1	0
251	1	0
252	1	0
253	1	0
254	1	0
255	1	0
256	1	0
257	1	0
258	1	0
259	0.666666666666667	0
260	0.333333333333333	0
261	0	0
262	0	-0.333333333333333
263	0	-0.666666666666667
264	0	-1
265	0	-1
266	0	-1
267	0	-1
268	0	-1
269	0	-1
270	0	-0.666666666666667
271	0	-0.666666666666667
272	0	-0.333333333333333
273	0	0
274	0.333333333333333	0
275	0.666666666666667	0
276	1	0
277	1	0
278	1	0
279	1	0
280	1	0
281	1	0
282	1	0
283	1	0
284	1	0
285	1	0
286	1	0
287	1	0
288	1	0
289	1	0
290	1	0
291	1	0
292	1	0
293	1	0
294	1	0
295	1	0
296	1	0
297	1	0
298	1	0
299	1	0
300	1	0
301	1	0
302	1	0
303	1	0
304	1	0
305	1	0
306	1	0
307	1	0
308	1	0
309	1	0
310	1	0
311	1	0
312	1	0
313	1	0
314	1	0
315	1	0
316	1	0
317	1	0
318	1	0
319	1	0
320	1	0
321	1	0
322	1	0
323	1	0
324	1	0
325	1	0
326	1	0
327	0.666666666666667	0
328	0.333333333333333	0
329	0	0
330	0	0
331	0	0
332	0	0
333	0.333333333333333	0
334	0.666666666666667	0
335	0.666666666666667	0
336	1	0
337	1	0
338	1	0
339	1	0
340	1	0
341	1	0
342	1	0
343	1	0
344	1	0
345	1	0
346	1	0
347	1	0
348	1	0
349	1	0
350	1	0
351	1	0
352	1	0
353	1	0
354	1	0
355	1	0
356	1	0
357	1	0
358	1	0
359	1	0
360	1	0
361	1	0
362	1	0
363	1	0
364	1	0
365	1	0
366	1	0
367	1	0
368	0.666666666666667	0
369	0.666666666666667	0
370	0.666666666666667	0
371	0.666666666666667	0
372	0.333333333333333	0
373	0.333333333333333	0
374	0.666666666666667	0
375	0.666666666666667	0
376	1	0
377	0.666666666666667	0
378	1	0
379	1	0
380	1	0
381	1	0
382	0.666666666666667	0
383	0.333333333333333	0
384	0	0
385	0	0
386	0	-0.333333333333333
387	0	-0.666666666666667
388	0	-1
389	0	-1
390	0	-1
391	0	-1
392	0	-1
393	0	-1
394	0	-1
395	0	-1
396	0	-1
397	0	-1
398	0	-1
399	0	-1
400	0	-1
401	0	-1
402	0	-1
403	0	-1
404	0	-1
405	0	-1
406	0	-1
407	0	-1
408	0	-1
409	0	-1
410	0	-1
411	0	-1
412	0	-1
413	0	-1
414	0	-1
415	0	-1
416	0	-1
417	0	-1
418	0	-1
419	0	-0.666666666666667
420	0	-0.333333333333333
421	0	0
422	0	0
423	0	0
424	0	0
425	0	-0.333333333333333
426	0	-0.666666666666667
427	0	-0.333333333333333
428	0	-0.333333333333333
429	0	-0.666666666666667
430	0	-0.666666666666667
431	0	-1
432	0	-0.666666666666667
433	0	-0.666666666666667
434	0	-1
435	0	-1
436	0	-1
437	0	-1
438	0	-1
439	0	-1
440	0	-1
441	0	-1
442	0	-1
443	0	-1
444	0	-1
445	0	-1
446	0	-1
447	0	-1
448	0	-1
449	0	-1
450	0	-1
451	0	-1
452	0	-1
453	0	-1
454	0	-1
455	0	-1
456	0	-1
457	0	-1
458	0	-1
459	0	-0.666666666666667
460	0	-0.333333333333333
461	0	0
462	0.333333333333333	0
463	0.666666666666667	0
464	1	0
465	1	0
466	1	0
467	1	0
468	1	0
469	1	0
470	1	0
471	1	0
472	1	0
473	1	0
474	1	0
475	1	0
476	1	0
477	1	0
478	1	0
479	1	0
480	0.666666666666667	0
481	0.666666666666667	0
482	0.666666666666667	0
483	1	0
484	1	0
485	1	0
486	1	0
487	1	0
488	1	0
489	1	0
490	1	0
491	1	0
492	0.666666666666667	0
493	1	0
494	0.666666666666667	0
495	1	0
496	1	0
497	1	0
498	1	0
499	1	0
500	0.666666666666667	0
501	0.666666666666667	0
502	0.333333333333333	0
503	0	0
504	0	-0.333333333333333
505	0	-0.333333333333333
506	0	-0.666666666666667
507	0	-1
508	0	-1
509	0	-1
510	0	-1
511	0	-1
512	0	-1
513	0	-1
514	0	-1
515	0	-1
516	0	-1
517	0	-1
518	0	-1
519	0	-1
520	0	-1
521	0	-1
522	0	-1
523	0	-1
524	0	-1
525	0	-1
526	0	-1
527	0	-1
528	0	-1
529	0	-1
530	0	-1
531	0	-1
532	0	-1
533	0	-1
534	0	-1
535	0	-1
536	0	-1
537	0	-1
538	0	-1
539	0	-1
540	0	-1
541	0	-1
542	0	-1
543	0	-1
544	0	-1
545	0	-1
546	0	-1
547	0	-1
548	0	-1
549	0	-1
550	0	-1
551	0	-1
552	0	-1
553	0	-1
554	0	-1
555	0	-1
556	0	-1
557	0	-1
558	0	-1
559	0	-1
560	0	-1
561	0	-1
562	0	-1
563	0	-1
564	0	-1
565	0	-1
566	0	-1
567	0	-1
568	0	-1
569	0	-1
570	0	-1
571	0	-1
572	0	-1
573	0	-1
574	0	-1
575	0	-0.666666666666667
576	0	-1
577	0	-1
578	0	-0.666666666666667
579	0	-1
580	0	-0.666666666666667
581	0	-1
582	0	-1
583	0	-1
584	0	-1
585	0	-1
586	0	-0.666666666666667
587	0	-1
588	0	-0.666666666666667
589	0	-0.666666666666667
590	0	-0.666666666666667
591	0	-0.666666666666667
592	0	-0.666666666666667
593	0	-0.666666666666667
594	0	-0.666666666666667
595	0	-0.666666666666667
596	0	-0.666666666666667
597	0	-0.666666666666667
598	0	-0.666666666666667
599	0	-0.333333333333333
600	0	-0.333333333333333
601	0	-0.333333333333333
602	0	-0.333333333333333
603	0	-0.333333333333333
604	0	-0.666666666666667
605	0	-1
606	0	-1
607	0	-1
608	0	-1
609	0	-1
610	0	-1
611	0	-1
612	0	-1
613	0	-1
614	0	-1
615	0	-1
616	0	-1
617	0	-1
618	0	-1
619	0	-1
620	0	-1
621	0	-1
622	0	-1
623	0	-1
624	0	-1
625	0	-1
626	0	-1
627	0	-1
628	0	-1
629	0	-1
630	0	-1
631	0	-1
632	0	-1
633	0	-1
634	0	-1
635	0	-1
636	0	-1
637	0	-1
638	0	-1
639	0	-1
640	0	-1
641	0	-1
642	0	-1
643	0	-0.666666666666667
644	0	-0.666666666666667
645	0	-0.666666666666667
646	0	-0.666666666666667
647	0	-0.666666666666667
648	0	-1
649	0	-1
650	0	-1
651	0	-1
652	0	-1
653	0	-1
654	0	-1
655	0	-1
656	0	-1
657	0	-1
658	0	-1
659	0	-1
660	0	-1
661	0	-1
662	0	-1
663	0	-1
664	0	-1
665	0	-1
666	0	-1
667	0	-1
668	0	-1
669	0	-1
670	0	-1
671	0	-1
672	0	-1
673	0	-1
674	0	-1
675	0	-1
676	0	-1
677	0	-1
678	0	-1
679	0	-1
680	0	-1
681	0	-1
682	0	-1
683	0	-1
684	0	-1
685	0	-1
686	0	-1
687	0	-1
688	0	-1
689	0	-1
690	0	-1
691	0	-1
692	0	-1
693	0	-1
694	0	-1
695	0	-1
696	0	-1
697	0	-1
698	0	-1
699	0	-1
700	0	-1
701	0	-1
702	0	-1
703	0	-1
704	0	-1
705	0	-1
706	0	-1
707	0	-1
708	0	-1
709	0	-1
710	0	-1
711	0	-1
712	0	-1
713	0	-1
714	0	-1
715	0	-1
716	0	-1
717	0	-1
718	0	-1
719	0	-1
720	0	-1
721	0	-1
722	0	-1
723	0	-1
724	0	-1
725	0	-1
726	0	-1
727	0	-1
728	0	-1
729	0	-1
730	0	-1
731	0	-1
732	0	-1
733	0	-1
734	0	-1
735	0	-1
736	0	-1
737	0	-1
738	0	-1
739	0	-1
740	0	-1
741	0	-1
742	0	-1
743	0	-1
744	0	-1
745	0	-1
746	0	-1
747	0	-1
748	0	-1
749	0	-1
750	0	-1
751	0	-1
752	0	-1
753	0	-1
754	0	-1
755	0	-1
756	0	-1
757	0	-1
758	0	-1
759	0	-1
760	0	-1
761	0	-1
762	0	-1
763	0	-1
764	0	-1
765	0	-1
766	0	-1
767	0	-1
768	0	-1
769	0	-1
770	0	-1
771	0	-1
772	0	-1
773	0	-1
774	0	-1
775	0	-1
776	0	-1
777	0	-1
778	0	-1
779	0	-1
780	0	-1
781	0	-1
782	0	-1
783	0	-1
784	0	-1
785	0	-1
786	0	-1
787	0	-1
788	0	-1
789	0	-1
790	0	-1
791	0	-1
792	0	-1
793	0	-1
794	0	-1
795	0	-1
796	0	-1
797	0	-1
798	0	-1
799	0	-1
800	0	-1
801	0	-1
802	0	-1
803	0	-1
804	0	-1
805	0	-1
806	0	-1
807	0	-1
808	0	-1
809	0	-1
810	0	-1
811	0	-1
812	0	-1
813	0	-1
814	0	-1
815	0	-1
816	0	-1
817	0	-1
818	0	-1
819	0	-1
820	0	-1
821	0	-1
822	0	-1
823	0	-1
824	0	-1
825	0	-1
826	0	-1
827	0	-1
828	0	-1
829	0	-1
830	0	-1
831	0	-1
832	0	-1
833	0	-1
834	0	-1
835	0	-1
836	0	-1
837	0	-1
838	0	-1
839	0	-1
840	0	-1
841	0	-1
842	0	-1
843	0	-1
844	0	-1
845	0	-1
846	0	-1
847	0	-1
848	0	-1
849	0	-1
850	0	-1
851	0	-1
852	0	-1
853	0	-1
854	0	-1
855	0	-1
856	0	-1
857	0	-1
858	0	-1
859	0	-1
860	0	-1
861	0	-1
862	0	-1
863	0	-1
864	0	-1
865	0	-1
866	0	-1
867	0	-1
868	0	-1
869	0	-1
870	0	-1
871	0	-1
872	0	-1
873	0	-1
874	0	-1
875	0	-1
876	0	-1
877	0	-1
878	0	-1
879	0	-1
880	0	-1
881	0	-1
882	0	-1
883	0	-1
884	0	-1
885	0	-1
886	0	-1
887	0	-1
888	0	-1
889	0	-1
890	0	-1
891	0	-1
892	0	-1
893	0	-1
894	0	-1
895	0	-1
896	0	-1
897	0	-1
898	0	-1
899	0	-1
900	0	-1
901	0	-1
902	0	-1
903	0	-1
904	0	-1
905	0	-1
906	0	-1
907	0	-1
908	0	-1
909	0	-1
910	0	-1
911	0	-1
912	0	-1
913	0	-1
914	0	-1
915	0	-1
916	0	-1
917	0	-1
918	0	-1
919	0	-1
920	0	-1
921	0	-1
922	0	-1
923	0	-1
924	0	-1
925	0	-1
926	0	-1
927	0	-1
928	0	-1
929	0	-1
930	0	-1
931	0	-1
932	0	-1
933	0	-1
934	0	-1
935	0	-1
936	0	-0.833333333333333
937	0	-0.666666666666667
938	0	-0.5
939	0	-0.333333333333333
940	0	-0.166666666666667
941	0	0
