position	positive	negative
1	0	-0.166666666666667
2	0	-0.333333333333333
3	0	-0.5
4	0	-0.666666666666667
5	0	-0.833333333333333
6	0	-1
7	0	-1
8	0	-1
9	0	-1
10	0	-1
11	0	-1
12	0	-1
13	0	-1
14	0	-1
15	0	-1
16	0	-1
17	0	-1
18	0	-1
19	0	-1
20	0	-1
21	0	-1
22	0	-1
23	0	-1
24	0	-1
25	0	-1
26	0	-1
27	0	-1
28	0	-1
29	0	-1
30	0	-1
31	0	-1
32	0	-1
33	0	-1
34	0	-1
35	0	-1
36	0	-1
37	0	-1
38	0	-1
39	0	-1
40	0	-1
41	0	-1
42	0	-1
43	0	-1
44	0	-1
45	0	-1
46	0	-1
47	0	-1
48	0	-1
49	0	-1
50	0	-1
51	0	-1
52	0	-1
53	0	-1
54	0	-1
55	0	-1
56	0	-1
57	0	-1
58	0	-1
59	0	-1
60	0	-1
61	0	-1
62	0	-1
63	0	-1
64	0	-1
65	0	-1
66	0	-1
67	0	-1
68	0	-1
69	0	-1
70	0	-1
71	0	-1
72	0	-1
73	0	-1
74	0	-1
75	0	-1
76	0	-1
77	0	-1
78	0	-1
79	0	-1
80	0	-1
81	0	-1
82	0	-1
83	0	-1
84	0	-1
85	0	-1
86	0	-1
87	0	-1
88	0	-1
89	0	-1
90	0	-1
91	0	-1
92	0	-1
93	0	-1
94	0	-1
95	0	-1
96	0	-1
97	0	-1
98	0	-1
99	0	-1
100	0	-1
101	0	-1
102	0	-1
103	0	-1
104	0	-1
105	0	-1
106	0	-1
107	0	-1
108	0	-0.666666666666667
109	0	-0.666666666666667
110	0	-0.666666666666667
111	0	-1
112	0	-1
113	0	-1
114	0	-1
115	0	-1
116	0	-1
117	0	-1
118	0	-1
119	0	-1
120	0	-1
121	0	-0.666666666666667
122	0	-0.333333333333333
123	0	-0.333333333333333
124	0	0
125	0.333333333333333	0
126	0.666666666666667	0
127	0.666666666666667	0
128	1	0
129	1	0
130	1	0
131	1	0
132	1	0
133	0.666666666666667	0
134	0.333333333333333	0
135	0	0
136	0	-0.333333333333333
137	0	-0.666666666666667
138	0	-1
139	0	-1
140	0	-1
141	0	-1
142	0	-1
143	0	-1
144	0	-1
145	0	-1
146	0	-1
147	0	-1
148	0	-1
149	0	-1
150	0	-1
151	0	-1
152	0	-1
153	0	-1
154	0	-1
155	0	-1
156	0	-1
157	0	-1
158	0	-1
159	0	-1
160	0	-1
161	0	-1
162	0	-1
163	0	-1
164	0	-1
165	0	-1
166	0	-1
167	0	-1
168	0	-1
169	0	-1
170	0	-1
171	0	-1
172	0	-1
173	0	-1
174	0	-1
175	0	-0.666666666666667
176	0	-0.333333333333333
177	0	0
178	0.333333333333333	0
179	0.666666666666667	0
180	1	0
181	1	0
182	1	0
183	1	0
184	0.666666666666667	0
185	0.666666666666667	0
186	0.666666666666667	0
187	1	0
188	0.666666666666667	0
189	0.666666666666667	0
190	1	0
191	0.666666666666667	0
192	0.666666666666667	0
193	0.333333333333333	0
194	0.333333333333333	0
195	0.333333333333333	0
196	0	0
197	0.333333333333333	0
198	0.666666666666667	0
199	1	0
200	0.666666666666667	0
201	0.333333333333333	0
202	0.333333333333333	0
203	0.333333333333333	0
204	0.666666666666667	0
205	0.666666666666667	0
206	1	0
207	1	0
208	1	0
209	1	0
210	1	0
211	1	0
212	1	0
213	1	0
214	1	0
215	1	0
216	1	0
217	1	0
218	1	0
219	1	0
220	1	0
221	1	0
222	1	0
223	1	0
224	1	0
225	1	0
226	1	0
227	1	0
228	1	0
229	1	0
230	0.666666666666667	0
231	0.333333333333333	0
232	0.333333333333333	0
233	0.333333333333333	0
234	0	0
235	0	-0.333333333333333
236	0	-0.333333333333333
237	0	-0.666666666666667
238	0	-0.666666666666667
239	0	-0.333333333333333
240	0	0
241	0.333333333333333	0
242	0.666666666666667	0
243	1	0
244	1	0
245	1	0
246	1	0
247	1	0
248	1	0
249	1	0
250	1	0
251	1	0
252	1	0
253	1	0
254	1	0
255	1	0
256	1	0
257	1	0
258	1	0
259	1	0
260	0.666666666666667	0
261	0.666666666666667	0
262	0.666666666666667	0
263	0.333333333333333	0
264	0.333333333333333	0
265	0.333333333333333	0
266	0.333333333333333	0
267	0.333333333333333	0
268	0.333333333333333	0
269	0.666666666666667	0
270	0.666666666666667	0
271	0.666666666666667	0
272	0.333333333333333	0
273	0.333333333333333	0
274	0.333333333333333	0
275	0.333333333333333	0
276	0.333333333333333	0
277	0.666666666666667	0
278	0.666666666666667	0
279	0.666666666666667	0
280	0.333333333333333	0
281	0	0
282	0	-0.333333333333333
283	0	-0.666666666666667
284	0	-1
285	0	-1
286	0	-1
287	0	-1
288	0	-1
289	0	-1
290	0	-1
291	0	-1
292	0	-1
293	0	-1
294	0	-1
295	0	-1
296	0	-1
297	0	-1
298	0	-1
299	0	-1
300	0	-1
301	0	-1
302	0	-1
303	0	-1
304	0	-1
305	0	-1
306	0	-1
307	0	-1
308	0	-1
309	0	-1
310	0	-1
311	0	-1
312	0	-1
313	0	-1
314	0	-1
315	0	-1
316	0	-1
317	0	-1
318	0	-1
319	0	-1
320	0	-1
321	0	-1
322	0	-1
323	0	-1
324	0	-1
325	0	-1
326	0	-1
327	0	-1
328	0	-1
329	0	-1
330	0	-1
331	0	-1
332	0	-1
333	0	-1
334	0	-1
335	0	-1
336	0	-1
337	0	-1
338	0	-1
339	0	-1
340	0	-1
341	0	-1
342	0	-1
343	0	-1
344	0	-1
345	0	-1
346	0	-0.666666666666667
347	0	-0.666666666666667
348	0	-0.333333333333333
349	0	0
350	0.333333333333333	0
351	0.666666666666667	0
352	0.666666666666667	0
353	0.666666666666667	0
354	1	0
355	1	0
356	1	0
357	1	0
358	1	0
359	1	0
360	1	0
361	1	0
362	1	0
363	1	0
364	1	0
365	1	0
366	1	0
367	1	0
368	1	0
369	1	0
370	1	0
371	1	0
372	1	0
373	0.666666666666667	0
374	0.333333333333333	0
375	0	0
376	0	-0.333333333333333
377	0	-0.666666666666667
378	0	-0.666666666666667
379	0	-1
380	0	-1
381	0	-1
382	0	-1
383	0	-1
384	0	-1
385	0	-1
386	0	-1
387	0	-1
388	0	-1
389	0	-1
390	0	-1
391	0	-1
392	0	-1
393	0	-1
394	0	-1
395	0	-1
396	0	-1
397	0	-1
398	0	-1
399	0	-1
400	0	-1
401	0	-1
402	0	-1
403	0	-1
404	0	-1
405	0	-1
406	0	-1
407	0	-1
408	0	-1
409	0	-1
410	0	-0.666666666666667
411	0	-0.333333333333333
412	0	-0.333333333333333
413	0	0
414	0	-0.333333333333333
415	0	-0.333333333333333
416	0	-0.666666666666667
417	0	-0.666666666666667
418	0	-1
419	0	-1
420	0	-1
421	0	-0.833333333333333
422	0	-0.666666666666667
423	0	-0.5
424	0	-0.333333333333333
425	0	-0.166666666666667
426	0	0
