position	positive	negative
1	0	-0.166666666666667
2	0	-0.333333333333333
3	0	-0.5
4	0	-0.666666666666667
5	0	-0.833333333333333
6	0	-1
7	0	-1
8	0	-1
9	0	-1
10	0	-1
11	0	-1
12	0	-1
13	0	-1
14	0	-1
15	0	-1
16	0	-1
17	0	-1
18	0	-1
19	0	-1
20	0	-1
21	0	-1
22	0	-1
23	0	-1
24	0	-1
25	0	-1
26	0	-1
27	0	-1
28	0	-1
29	0	-1
30	0	-1
31	0	-1
32	0	-1
33	0	-1
34	0	-1
35	0	-1
36	0	-1
37	0	-1
38	0	-1
39	0	-1
40	0	-1
41	0	-1
42	0	-1
43	0	-1
44	0	-1
45	0	-1
46	0	-1
47	0	-1
48	0	-1
49	0	-1
50	0	-1
51	0	-1
52	0	-1
53	0	-1
54	0	-1
55	0	-1
56	0	-1
57	0	-1
58	0	-1
59	0	-1
60	0	-1
61	0	-1
62	0	-1
63	0	-0.666666666666667
64	0	-0.333333333333333
65	0	0
66	0.333333333333333	0
67	0.666666666666667	0
68	1	0
69	1	0
70	1	0
71	1	0
72	1	0
73	1	0
74	1	0
75	1	0
76	1	0
77	1	0
78	1	0
79	1	0
80	1	0
81	1	0
82	1	0
83	1	0
84	1	0
85	1	0
86	1	0
87	1	0
88	1	0
89	1	0
90	1	0
91	0.666666666666667	0
92	0.666666666666667	0
93	0.666666666666667	0
94	0.666666666666667	0
95	0.666666666666667	0
96	0.666666666666667	0
97	0.666666666666667	0
98	1	0
99	1	0
100	1	0
101	1	0
102	1	0
103	1	0
104	0.666666666666667	0
105	0.666666666666667	0
106	0.666666666666667	0
107	0.333333333333333	0
108	0.666666666666667	0
109	0.333333333333333	0
110	0.666666666666667	0
111	0.666666666666667	0
112	0.666666666666667	0
113	0.666666666666667	0
114	0.666666666666667	0
115	1	0
116	1	0
117	1	0
118	1	0
119	1	0
120	1	0
121	1	0
122	0.666666666666667	0
123	0.333333333333333	0
124	0	0
125	0	-0.333333333333333
126	0	-0.333333333333333
127	0	0
128	0.333333333333333	0
129	0.333333333333333	0
130	0.666666666666667	0
131	1	0
132	0.666666666666667	0
133	0.666666666666667	0
134	0.333333333333333	0
135	0.333333333333333	0
136	0.333333333333333	0
137	0	0
138	0	-0.333333333333333
139	0	-0.666666666666667
140	0	-0.666666666666667
141	0	-0.333333333333333
142	0	0
143	0	0
144	0	0
145	0	0
146	0	0
147	0	-0.333333333333333
148	0	-0.666666666666667
149	0	-1
150	0	-1
151	0	-1
152	0	-1
153	0	-1
154	0	-1
155	0	-1
156	0	-1
157	0	-1
158	0	-1
159	0	-1
160	0	-1
161	0	-1
162	0	-1
163	0	-1
164	0	-1
165	0	-1
166	0	-1
167	0	-1
168	0	-1
169	0	-1
170	0	-1
171	0	-1
172	0	-1
173	0	-1
174	0	-1
175	0	-1
176	0	-1
177	0	-1
178	0	-1
179	0	-0.666666666666667
180	0	-0.333333333333333
181	0	-0.333333333333333
182	0	0
183	0	0
184	0	0
185	0	0
186	0	-0.333333333333333
187	0	-0.666666666666667
188	0	-1
189	0	-1
190	0	-1
191	0	-1
192	0	-1
193	0	-1
194	0	-1
195	0	-1
196	0	-1
197	0	-1
198	0	-1
199	0	-1
200	0	-1
201	0	-1
202	0	-1
203	0	-0.666666666666667
204	0	-0.333333333333333
205	0	-0.333333333333333
206	0	0
207	0.333333333333333	0
208	0.666666666666667	0
209	0.333333333333333	0
210	0.333333333333333	0
211	0.333333333333333	0
212	0.666666666666667	0
213	0.666666666666667	0
214	0.666666666666667	0
215	1	0
216	1	0
217	1	0
218	1	0
219	1	0
220	1	0
221	1	0
222	0.666666666666667	0
223	0.333333333333333	0
224	0	0
225	0	0
226	0	0
227	0	0
228	0.333333333333333	0
229	0.333333333333333	0
230	0.666666666666667	0
231	1	0
232	1	0
233	1	0
234	1	0
235	1	0
236	1	0
237	1	0
238	1	0
239	1	0
240	1	0
241	1	0
242	1	0
243	1	0
244	1	0
245	1	0
246	1	0
247	1	0
248	1	0
249	1	0
250	1	0
251	1	0
252	1	0
253	1	0
254	1	0
255	0.666666666666667	0
256	0.666666666666667	0
257	0.333333333333333	0
258	0.333333333333333	0
259	0.333333333333333	0
260	0.666666666666667	0
261	1	0
262	1	0
263	1	0
264	1	0
265	1	0
266	1	0
267	1	0
268	1	0
269	1	0
270	1	0
271	1	0
272	1	0
273	0.666666666666667	0
274	0.333333333333333	0
275	0	0
276	0	0
277	0	-0.333333333333333
278	0	-0.666666666666667
279	0	-1
280	0	-1
281	0	-1
282	0	-1
283	0	-1
284	0	-1
285	0	-1
286	0	-1
287	0	-1
288	0	-1
289	0	-1
290	0	-1
291	0	-1
292	0	-1
293	0	-1
294	0	-1
295	0	-1
296	0	-1
297	0	-1
298	0	-1
299	0	-1
300	0	-1
301	0	-1
302	0	-1
303	0	-1
304	0	-1
305	0	-1
306	0	-1
307	0	-1
308	0	-1
309	0	-1
310	0	-1
311	0	-1
312	0	-1
313	0	-1
314	0	-1
315	0	-1
316	0	-1
317	0	-1
318	0	-1
319	0	-1
320	0	-1
321	0	-1
322	0	-1
323	0	-1
324	0	-1
325	0	-0.666666666666667
326	0	-0.333333333333333
327	0	-0.333333333333333
328	0	0
329	0.333333333333333	0
330	0.666666666666667	0
331	0.666666666666667	0
332	1	0
333	1	0
334	1	0
335	1	0
336	1	0
337	1	0
338	1	0
339	1	0
340	1	0
341	1	0
342	1	0
343	1	0
344	1	0
345	1	0
346	1	0
347	1	0
348	1	0
349	1	0
350	1	0
351	1	0
352	1	0
353	1	0
354	1	0
355	1	0
356	1	0
357	1	0
358	1	0
359	1	0
360	1	0
361	1	0
362	1	0
363	1	0
364	1	0
365	1	0
366	1	0
367	1	0
368	1	0
369	1	0
370	1	0
371	1	0
372	1	0
373	1	0
374	1	0
375	1	0
376	1	0
377	1	0
378	1	0
379	1	0
380	1	0
381	1	0
382	1	0
383	1	0
384	1	0
385	1	0
386	1	0
387	1	0
388	1	0
389	1	0
390	1	0
391	0.666666666666667	0
392	0.333333333333333	0
393	0.333333333333333	0
394	0.333333333333333	0
395	0.333333333333333	0
396	0.333333333333333	0
397	0.666666666666667	0
398	1	0
399	1	0
400	1	0
401	1	0
402	1	0
403	1	0
404	1	0
405	1	0
406	1	0
407	1	0
408	1	0
409	1	0
410	1	0
411	1	0
412	1	0
413	1	0
414	1	0
415	1	0
416	1	0
417	0.666666666666667	0
418	0.666666666666667	0
419	0.333333333333333	0
420	0.333333333333333	0
421	0	0
422	0	0
423	0.333333333333333	0
424	0.333333333333333	0
425	0.666666666666667	0
426	1	0
427	1	0
428	1	0
429	1	0
430	1	0
431	1	0
432	1	0
433	1	0
434	1	0
435	1	0
436	1	0
437	0.666666666666667	0
438	0.333333333333333	0
439	0.333333333333333	0
440	0	0
441	0.333333333333333	0
442	0	0
443	0	-0.333333333333333
444	0	-0.333333333333333
445	0	-0.666666666666667
446	0	-0.666666666666667
447	0	-1
448	0	-1
449	0	-1
450	0	-1
451	0	-1
452	0	-1
453	0	-1
454	0	-1
455	0	-1
456	0	-1
457	0	-1
458	0	-1
459	0	-1
460	0	-0.666666666666667
461	0	-0.666666666666667
462	0	-0.333333333333333
463	0	-0.333333333333333
464	0	0
465	0.333333333333333	0
466	0.666666666666667	0
467	1	0
468	1	0
469	1	0
470	1	0
471	1	0
472	1	0
473	1	0
474	1	0
475	0.666666666666667	0
476	0.333333333333333	0
477	0	0
478	0	-0.333333333333333
479	0	-0.666666666666667
480	0	-1
481	0	-1
482	0	-1
483	0	-1
484	0	-0.666666666666667
485	0	-0.666666666666667
486	0	-0.666666666666667
487	0	-0.333333333333333
488	0	-0.333333333333333
489	0	0
490	0	0
491	0.333333333333333	0
492	0.333333333333333	0
493	0	0
494	0	0
495	0	-0.333333333333333
496	0	-0.666666666666667
497	0	-1
498	0	-1
499	0	-1
500	0	-1
501	0	-0.666666666666667
502	0	-0.666666666666667
503	0	-0.666666666666667
504	0	-0.666666666666667
505	0	-0.333333333333333
506	0	0
507	0.333333333333333	0
508	0.666666666666667	0
509	1	0
510	1	0
511	1	0
512	1	0
513	1	0
514	1	0
515	1	0
516	1	0
517	0.666666666666667	0
518	0.333333333333333	0
519	0	0
520	0	-0.333333333333333
521	0	-0.666666666666667
522	0	-0.333333333333333
523	0	-0.333333333333333
524	0	0
525	0.333333333333333	0
526	0.666666666666667	0
527	0.666666666666667	0
528	0.666666666666667	0
529	0.666666666666667	0
530	1	0
531	1	0
532	1	0
533	1	0
534	1	0
535	1	0
536	1	0
537	1	0
538	1	0
539	1	0
540	1	0
541	1	0
542	1	0
543	1	0
544	1	0
545	1	0
546	1	0
547	1	0
548	1	0
549	1	0
550	1	0
551	1	0
552	0.666666666666667	0
553	0.333333333333333	0
554	0	0
555	0	-0.333333333333333
556	0	-0.666666666666667
557	0	-1
558	0	-1
559	0	-1
560	0	-1
561	0	-1
562	0	-0.833333333333333
563	0	-0.666666666666667
564	0	-0.5
565	0	-0.333333333333333
566	0	-0.166666666666667
567	0	0
