position	positive	negative
1	0	-0.166666666666667
2	0	-0.333333333333333
3	0	-0.5
4	0	-0.666666666666667
5	0	-0.833333333333333
6	0	-1
7	0	-1
8	0	-1
9	0	-1
10	0	-1
11	0	-1
12	0	-1
13	0	-1
14	0	-1
15	0	-1
16	0	-1
17	0	-1
18	0	-1
19	0	-1
20	0	-1
21	0	-1
22	0	-1
23	0	-1
24	0	-1
25	0	-1
26	0	-1
27	0	-1
28	0	-1
29	0	-1
30	0	-1
31	0	-1
32	0	-1
33	0	-1
34	0	-1
35	0	-1
36	0	-1
37	0	-1
38	0	-1
39	0	-1
40	0	-1
41	0	-1
42	0	-1
43	0	-1
44	0	-1
45	0	-1
46	0	-1
47	0	-1
48	0	-1
49	0	-1
50	0	-1
51	0	-1
52	0	-1
53	0	-1
54	0	-1
55	0	-1
56	0	-1
57	0	-1
58	0	-1
59	0	-1
60	0	-1
61	0	-1
62	0	-1
63	0	-1
64	0	-0.833333333333333
65	0	-0.5
66	0	-0.166666666666667
67	0.166666666666667	0
68	0.5	0
69	0.833333333333333	0
70	1	0
71	1	0
72	1	0
73	1	0
74	1	0
75	1	0
76	1	0
77	1	0
78	1	0
79	1	0
80	1	0
81	1	0
82	1	0
83	1	0
84	1	0
85	1	0
86	1	0
87	1	0
88	1	0
89	1	0
90	1	0
91	1	0
92	1	0
93	1	0
94	1	0
95	1	0
96	1	0
97	1	0
98	1	0
99	1	0
100	1	0
101	1	0
102	1	0
103	0.666666666666667	0
104	0.333333333333333	0
105	0.333333333333333	0
106	0.333333333333333	0
107	0.333333333333333	0
108	0.333333333333333	0
109	0.666666666666667	0
110	1	0
111	1	0
112	1	0
113	1	0
114	1	0
115	1	0
116	1	0
117	1	0
118	1	0
119	1	0
120	1	0
121	1	0
122	1	0
123	1	0
124	1	0
125	1	0
126	1	0
127	1	0
128	1	0
129	1	0
130	1	0
131	1	0
132	1	0
133	1	0
134	1	0
135	0.666666666666667	0
136	0.333333333333333	0
137	0	0
138	0	-0.333333333333333
139	0	-0.333333333333333
140	0	-0.166666666666667
141	0	0
142	0	-0.333333333333333
143	0	-0.333333333333333
144	0	-0.333333333333333
145	0	-0.333333333333333
146	0	-0.666666666666667
147	0	-1
148	0	-1
149	0	-1
150	0	-1
151	0	-0.666666666666667
152	0	-0.333333333333333
153	0	0
154	0.333333333333333	0
155	0.666666666666667	0
156	1	0
157	1	0
158	1	0
159	1	0
160	1	0
161	1	0
162	1	0
163	1	0
164	1	0
165	1	0
166	1	0
167	1	0
168	1	0
169	1	0
170	0.833333333333333	0
171	0.666666666666667	0
172	0.333333333333333	0
173	0	0
174	0	-0.333333333333333
175	0	-0.666666666666667
176	0	-0.666666666666667
177	0	-1
178	0	-1
179	0	-1
180	0	-1
181	0	-1
182	0	-1
183	0	-1
184	0	-1
185	0	-1
186	0	-1
187	0	-1
188	0	-1
189	0	-1
190	0	-1
191	0	-1
192	0	-1
193	0	-1
194	0	-1
195	0	-1
196	0	-1
197	0	-1
198	0	-1
199	0	-1
200	0	-1
201	0	-1
202	0	-1
203	0	-1
204	0	-1
205	0	-0.666666666666667
206	0	-0.666666666666667
207	0	-0.5
208	0	-0.166666666666667
209	0	0
210	0	0
211	0.333333333333333	0
212	0.333333333333333	0
213	0.666666666666667	0
214	0.666666666666667	0
215	0.666666666666667	0
216	0.666666666666667	0
217	1	0
218	1	0
219	1	0
220	1	0
221	1	0
222	1	0
223	1	0
224	1	0
225	1	0
226	1	0
227	1	0
228	1	0
229	1	0
230	1	0
231	0.666666666666667	0
232	0.333333333333333	0
233	0	0
234	0	-0.333333333333333
235	0	-0.666666666666667
236	0	-1
237	0	-1
238	0	-0.666666666666667
239	0	-0.666666666666667
240	0	-0.333333333333333
241	0	0
242	0.333333333333333	0
243	0.666666666666667	0
244	0.833333333333333	0
245	1	0
246	1	0
247	1	0
248	1	0
249	1	0
250	1	0
251	1	0
252	1	0
253	1	0
254	1	0
255	1	0
256	1	0
257	1	0
258	1	0
259	1	0
260	1	0
261	1	0
262	0.666666666666667	0
263	0.666666666666667	0
264	0.666666666666667	0
265	0.333333333333333	0
266	0.333333333333333	0
267	0.666666666666667	0
268	0.5	0
269	0.166666666666667	0
270	0	0
271	0	-0.166666666666667
272	0	0
273	0	0
274	0.333333333333333	0
275	0.666666666666667	0
276	0.666666666666667	0
277	0.833333333333333	0
278	1	0
279	1	0
280	1	0
281	1	0
282	1	0
283	1	0
284	1	0
285	1	0
286	0.666666666666667	0
287	0.333333333333333	0
288	0.333333333333333	0
289	0	0
290	0	0
291	0	-0.333333333333333
292	0	-0.333333333333333
293	0	0
294	0	0
295	0.333333333333333	0
296	0.666666666666667	0
297	1	0
298	1	0
299	1	0
300	1	0
301	1	0
302	1	0
303	1	0
304	1	0
305	0.666666666666667	0
306	0.666666666666667	0
307	0.833333333333333	0
308	0.666666666666667	0
309	0.5	0
310	0.666666666666667	0
311	0.666666666666667	0
312	0.666666666666667	0
313	0.333333333333333	0
314	0.666666666666667	0
315	0.666666666666667	0
316	0.833333333333333	0
317	1	0
318	1	0
319	0.666666666666667	0
320	0.333333333333333	0
321	0	0
322	0	-0.333333333333333
323	0	-0.333333333333333
324	0	-0.333333333333333
325	0	0
326	0.333333333333333	0
327	0.666666666666667	0
328	1	0
329	1	0
330	1	0
331	1	0
332	1	0
333	1	0
334	1	0
335	1	0
336	1	0
337	1	0
338	0.666666666666667	0
339	0.333333333333333	0
340	0	0
341	0	-0.333333333333333
342	0	-0.666666666666667
343	0	-1
344	0	-1
345	0	-1
346	0	-1
347	0	-1
348	0	-1
349	0	-1
350	0	-1
351	0	-1
352	0	-1
353	0	-1
354	0	-1
355	0	-1
356	0	-1
357	0	-1
358	0	-1
359	0	-1
360	0	-0.666666666666667
361	0	-0.5
362	0	-0.166666666666667
363	0	0
364	0.333333333333333	0
365	0.666666666666667	0
366	0.666666666666667	0
367	0.333333333333333	0
368	0	0
369	0	-0.333333333333333
370	0	-0.5
371	0	-0.5
372	0	-0.666666666666667
373	0	-0.833333333333333
374	0	-1
375	0	-1
376	0	-1
377	0	-1
378	0	-1
379	0	-1
380	0	-0.666666666666667
381	0	-0.333333333333333
382	0	0
383	0.333333333333333	0
384	0.666666666666667	0
385	1	0
386	0.666666666666667	0
387	0.333333333333333	0
388	0	0
389	0	0
390	0	-0.166666666666667
391	0	0
392	0	-0.333333333333333
393	0	-0.5
394	0	-0.5
395	0	-0.666666666666667
396	0	-0.666666666666667
397	0	-0.666666666666667
398	0	-0.666666666666667
399	0	-1
400	0	-1
401	0	-1
402	0	-1
403	0	-0.666666666666667
404	0	-0.333333333333333
405	0	0
406	0.166666666666667	0
407	0.5	0
408	0.666666666666667	0
409	0.666666666666667	0
410	1	0
411	0.666666666666667	0
412	0.666666666666667	0
413	0.666666666666667	0
414	0.333333333333333	0
415	0	0
416	0	-0.333333333333333
417	0	0
418	0	-0.333333333333333
419	0	-0.666666666666667
420	0	-0.666666666666667
421	0	-0.666666666666667
422	0	-0.666666666666667
423	0	-1
424	0	-1
425	0	-1
426	0	-1
427	0	-1
428	0	-1
429	0	-1
430	0	-0.666666666666667
431	0	-0.333333333333333
432	0	0
433	0.333333333333333	0
434	0.666666666666667	0
435	1	0
436	0.666666666666667	0
437	0.5	0
438	0.666666666666667	0
439	1	0
440	1	0
441	1	0
442	1	0
443	0.666666666666667	0
444	0.666666666666667	0
445	0.5	0
446	0.333333333333333	0
447	0.333333333333333	0
448	0.333333333333333	0
449	0.5	0
450	0.333333333333333	0
451	0.333333333333333	0
452	0.166666666666667	0
453	0.5	0
454	0.333333333333333	0
455	0.166666666666667	0
456	0.166666666666667	0
457	0.166666666666667	0
458	0.166666666666667	0
459	0	0
460	0	-0.333333333333333
461	0	-0.666666666666667
462	0	-1
463	0	-1
464	0	-1
465	0	-1
466	0	-1
467	0	-1
468	0	-1
469	0	-1
470	0	-1
471	0	-1
472	0	-1
473	0	-1
474	0	-1
475	0	-1
476	0	-1
477	0	-0.833333333333333
478	0	-0.666666666666667
479	0	-0.5
480	0	-0.333333333333333
481	0	-0.166666666666667
482	0	0
