position	positive	negative
1	0	-0.166666666666667
2	0	-0.333333333333333
3	0	-0.5
4	0	-0.666666666666667
5	0	-0.833333333333333
6	0	-1
7	0	-1
8	0	-1
9	0	-1
10	0	-1
11	0	-1
12	0	-1
13	0	-1
14	0	-1
15	0	-1
16	0	-1
17	0	-0.666666666666667
18	0	-0.333333333333333
19	0	-0.166666666666667
20	0.166666666666667	0
21	0.5	0
22	0.833333333333333	0
23	0.833333333333333	0
24	1	0
25	1	0
26	1	0
27	1	0
28	1	0
29	1	0
30	0.666666666666667	0
31	0.5	0
32	0.333333333333333	0
33	0	0
34	0	0
35	0	0
36	0.333333333333333	0
37	0.333333333333333	0
38	0.666666666666667	0
39	1	0
40	1	0
41	1	0
42	1	0
43	1	0
44	1	0
45	1	0
46	1	0
47	0.666666666666667	0
48	0.666666666666667	0
49	0.5	0
50	0.333333333333333	0
51	0.333333333333333	0
52	0.333333333333333	0
53	0.333333333333333	0
54	0.333333333333333	0
55	0.666666666666667	0
56	1	0
57	1	0
58	1	0
59	1	0
60	1	0
61	1	0
62	1	0
63	1	0
64	1	0
65	1	0
66	1	0
67	1	0
68	1	0
69	1	0
70	1	0
71	1	0
72	1	0
73	1	0
74	1	0
75	1	0
76	1	0
77	1	0
78	1	0
79	1	0
80	1	0
81	1	0
82	1	0
83	1	0
84	1	0
85	1	0
86	1	0
87	1	0
88	1	0
89	1	0
90	1	0
91	1	0
92	1	0
93	1	0
94	1	0
95	1	0
96	1	0
97	1	0
98	1	0
99	1	0
100	1	0
101	1	0
102	1	0
103	1	0
104	1	0
105	1	0
106	1	0
107	1	0
108	1	0
109	1	0
110	1	0
111	1	0
112	1	0
113	1	0
114	1	0
115	1	0
116	1	0
117	1	0
118	1	0
119	1	0
120	1	0
121	1	0
122	1	0
123	1	0
124	1	0
125	1	0
126	1	0
127	1	0
128	1	0
129	0.666666666666667	0
130	0.666666666666667	0
131	0.666666666666667	0
132	0.666666666666667	0
133	1	0
134	1	0
135	1	0
136	1	0
137	1	0
138	1	0
139	1	0
140	1	0
141	1	0
142	1	0
143	0.666666666666667	0
144	0.5	0
145	0.333333333333333	0
146	0.5	0
147	0.5	0
148	0.333333333333333	0
149	0.666666666666667	0
150	0.666666666666667	0
151	0.333333333333333	0
152	0	0
153	0	-0.166666666666667
154	0	-0.166666666666667
155	0	-0.333333333333333
156	0	-0.333333333333333
157	0	0
158	0.333333333333333	0
159	0.666666666666667	0
160	1	0
161	1	0
162	1	0
163	1	0
164	1	0
165	1	0
166	1	0
167	1	0
168	1	0
169	1	0
170	1	0
171	1	0
172	1	0
173	1	0
174	1	0
175	1	0
176	1	0
177	1	0
178	1	0
179	1	0
180	0.666666666666667	0
181	0.333333333333333	0
182	0	0
183	0	0
184	0	-0.333333333333333
185	0	-0.666666666666667
186	0	-0.333333333333333
187	0	0
188	0.333333333333333	0
189	0.333333333333333	0
190	0.666666666666667	0
191	1	0
192	1	0
193	1	0
194	1	0
195	1	0
196	1	0
197	1	0
198	1	0
199	1	0
200	1	0
201	1	0
202	1	0
203	1	0
204	1	0
205	1	0
206	1	0
207	1	0
208	1	0
209	1	0
210	0.666666666666667	0
211	0.666666666666667	0
212	0.333333333333333	0
213	0	0
214	0	-0.166666666666667
215	0	0
216	0	0
217	0	0
218	0.333333333333333	0
219	0.333333333333333	0
220	0.333333333333333	0
221	0	0
222	0	0
223	0	-0.333333333333333
224	0	-0.333333333333333
225	0	0
226	0.333333333333333	0
227	0.5	0
228	0.666666666666667	0
229	1	0
230	1	0
231	1	0
232	1	0
233	1	0
234	1	0
235	0.666666666666667	0
236	0.666666666666667	0
237	1	0
238	1	0
239	1	0
240	1	0
241	1	0
242	1	0
243	1	0
244	1	0
245	1	0
246	1	0
247	1	0
248	1	0
249	1	0
250	0.666666666666667	0
251	0.333333333333333	0
252	0	0
253	0	-0.333333333333333
254	0	-0.666666666666667
255	0	-1
256	0	-0.666666666666667
257	0	-0.333333333333333
258	0	-0.333333333333333
259	0	0
260	0.333333333333333	0
261	0.666666666666667	0
262	1	0
263	1	0
264	1	0
265	0.833333333333333	0
266	0.666666666666667	0
267	0.333333333333333	0
268	0	0
269	0	-0.333333333333333
270	0	-0.666666666666667
271	0	-1
272	0	-1
273	0	-1
274	0	-1
275	0	-1
276	0	-1
277	0	-1
278	0	-1
279	0	-1
280	0	-1
281	0	-1
282	0	-1
283	0	-1
284	0	-1
285	0	-1
286	0	-1
287	0	-0.833333333333333
288	0	-0.666666666666667
289	0	-0.5
290	0	-0.333333333333333
291	0	-0.166666666666667
292	0	0
