position	positive	negative
1	0	-0.166666666666667
2	0	-0.333333333333333
3	0	-0.5
4	0	-0.666666666666667
5	0	-0.833333333333333
6	0	-1
7	0	-1
8	0	-1
9	0	-1
10	0	-1
11	0	-1
12	0	-1
13	0	-1
14	0	-1
15	0	-1
16	0	-1
17	0	-1
18	0	-1
19	0	-1
20	0	-1
21	0	-1
22	0	-1
23	0	-1
24	0	-1
25	0	-1
26	0	-1
27	0	-1
28	0	-1
29	0	-1
30	0	-1
31	0	-1
32	0	-1
33	0	-1
34	0	-1
35	0	-1
36	0	-1
37	0	-1
38	0	-1
39	0	-1
40	0	-1
41	0	-1
42	0	-1
43	0	-1
44	0	-1
45	0	-1
46	0	-1
47	0	-1
48	0	-1
49	0	-1
50	0	-1
51	0	-1
52	0	-1
53	0	-1
54	0	-0.666666666666667
55	0	-0.666666666666667
56	0	-0.333333333333333
57	0	0
58	0	0
59	0.333333333333333	0
60	0.666666666666667	0
61	1	0
62	1	0
63	1	0
64	1	0
65	1	0
66	1	0
67	1	0
68	1	0
69	1	0
70	1	0
71	1	0
72	1	0
73	1	0
74	1	0
75	1	0
76	1	0
77	1	0
78	0.833333333333333	0
79	0.5	0
80	0.333333333333333	0
81	0.333333333333333	0
82	0	0
83	0	-0.333333333333333
84	0	-0.666666666666667
85	0	-1
86	0	-1
87	0	-1
88	0	-1
89	0	-1
90	0	-1
91	0	-1
92	0	-1
93	0	-1
94	0	-1
95	0	-1
96	0	-0.666666666666667
97	0	-0.333333333333333
98	0	0
99	0.333333333333333	0
100	0.666666666666667	0
101	1	0
102	1	0
103	1	0
104	1	0
105	1	0
106	1	0
107	1	0
108	1	0
109	1	0
110	0.666666666666667	0
111	0.333333333333333	0
112	0	0
113	0	-0.166666666666667
114	0	-0.5
115	0	-0.666666666666667
116	0	-0.666666666666667
117	0	-0.666666666666667
118	0	-0.666666666666667
119	0	-0.5
120	0	-0.166666666666667
121	0	0
122	0.333333333333333	0
123	0.5	0
124	0.666666666666667	0
125	0.666666666666667	0
126	1	0
127	1	0
128	1	0
129	1	0
130	1	0
131	1	0
132	1	0
133	1	0
134	1	0
135	1	0
136	1	0
137	1	0
138	1	0
139	1	0
140	1	0
141	1	0
142	1	0
143	1	0
144	1	0
145	1	0
146	1	0
147	1	0
148	1	0
149	1	0
150	1	0
151	1	0
152	1	0
153	1	0
154	1	0
155	1	0
156	1	0
157	1	0
158	0.666666666666667	0
159	0.666666666666667	0
160	0.666666666666667	0
161	0.666666666666667	0
162	0.666666666666667	0
163	0.666666666666667	0
164	1	0
165	1	0
166	1	0
167	1	0
168	1	0
169	1	0
170	1	0
171	1	0
172	1	0
173	1	0
174	1	0
175	1	0
176	1	0
177	1	0
178	1	0
179	1	0
180	1	0
181	1	0
182	1	0
183	1	0
184	1	0
185	1	0
186	1	0
187	1	0
188	1	0
189	1	0
190	1	0
191	1	0
192	1	0
193	1	0
194	1	0
195	1	0
196	1	0
197	1	0
198	1	0
199	1	0
200	1	0
201	1	0
202	1	0
203	0.833333333333333	0
204	0.833333333333333	0
205	0.833333333333333	0
206	1	0
207	1	0
208	1	0
209	1	0
210	1	0
211	1	0
212	1	0
213	1	0
214	1	0
215	1	0
216	1	0
217	1	0
218	1	0
219	1	0
220	1	0
221	1	0
222	1	0
223	1	0
224	1	0
225	1	0
226	1	0
227	1	0
228	1	0
229	1	0
230	1	0
231	1	0
232	1	0
233	1	0
234	1	0
235	1	0
236	1	0
237	1	0
238	1	0
239	1	0
240	1	0
241	1	0
242	1	0
243	1	0
244	0.666666666666667	0
245	0.333333333333333	0
246	0.166666666666667	0
247	0.166666666666667	0
248	0	0
249	0	0
250	0	0
251	0.333333333333333	0
252	0.333333333333333	0
253	0.5	0
254	0.666666666666667	0
255	0.833333333333333	0
256	1	0
257	1	0
258	1	0
259	1	0
260	1	0
261	1	0
262	1	0
263	1	0
264	1	0
265	1	0
266	1	0
267	1	0
268	1	0
269	1	0
270	1	0
271	1	0
272	1	0
273	1	0
274	1	0
275	1	0
276	1	0
277	0.666666666666667	0
278	0.333333333333333	0
279	0	0
280	0	-0.333333333333333
281	0	-0.666666666666667
282	0	-1
283	0	-1
284	0	-1
285	0	-1
286	0	-1
287	0	-1
288	0	-1
289	0	-1
290	0	-1
291	0	-1
292	0	-1
293	0	-1
294	0	-1
295	0	-1
296	0	-1
297	0	-1
298	0	-1
299	0	-0.666666666666667
300	0	-0.333333333333333
301	0	0
302	0.333333333333333	0
303	0.666666666666667	0
304	1	0
305	1	0
306	1	0
307	1	0
308	1	0
309	1	0
310	1	0
311	1	0
312	1	0
313	1	0
314	1	0
315	1	0
316	1	0
317	1	0
318	1	0
319	1	0
320	1	0
321	1	0
322	1	0
323	1	0
324	1	0
325	1	0
326	1	0
327	1	0
328	1	0
329	1	0
330	1	0
331	1	0
332	1	0
333	0.833333333333333	0
334	0.666666666666667	0
335	0.333333333333333	0
336	0	0
337	0	-0.333333333333333
338	0	-0.666666666666667
339	0	-1
340	0	-0.833333333333333
341	0	-0.666666666666667
342	0	-0.666666666666667
343	0	-0.666666666666667
344	0	-0.333333333333333
345	0	-0.333333333333333
346	0	-0.333333333333333
347	0	-0.333333333333333
348	0	-0.666666666666667
349	0	-0.666666666666667
350	0	-0.666666666666667
351	0	-1
352	0	-1
353	0	-1
354	0	-1
355	0	-1
356	0	-1
357	0	-1
358	0	-1
359	0	-1
360	0	-0.666666666666667
361	0	-0.333333333333333
362	0	0
363	0.333333333333333	0
364	0.666666666666667	0
365	1	0
366	1	0
367	1	0
368	1	0
369	1	0
370	1	0
371	1	0
372	1	0
373	1	0
374	1	0
375	1	0
376	1	0
377	1	0
378	1	0
379	1	0
380	1	0
381	1	0
382	1	0
383	1	0
384	1	0
385	1	0
386	1	0
387	1	0
388	1	0
389	1	0
390	1	0
391	1	0
392	1	0
393	1	0
394	1	0
395	1	0
396	1	0
397	1	0
398	0.666666666666667	0
399	0.666666666666667	0
400	0.666666666666667	0
401	0.333333333333333	0
402	0	0
403	0	-0.333333333333333
404	0	-0.666666666666667
405	0	-0.666666666666667
406	0	-0.833333333333333
407	0	-0.666666666666667
408	0	-0.5
409	0	-0.333333333333333
410	0	-0.166666666666667
411	0	0
