position	positive	negative
1	0	-0.166666666666667
2	0	-0.333333333333333
3	0	-0.5
4	0	-0.666666666666667
5	0	-0.833333333333333
6	0	-1
7	0	-1
8	0	-1
9	0	-1
10	0	-1
11	0	-1
12	0	-1
13	0	-1
14	0	-1
15	0	-1
16	0	-1
17	0	-1
18	0	-1
19	0	-1
20	0	-1
21	0	-1
22	0	-1
23	0	-1
24	0	-1
25	0	-1
26	0	-1
27	0	-1
28	0	-1
29	0	-1
30	0	-1
31	0	-1
32	0	-1
33	0	-1
34	0	-1
35	0	-1
36	0	-1
37	0	-1
38	0	-1
39	0	-1
40	0	-1
41	0	-1
42	0	-1
43	0	-1
44	0	-1
45	0	-1
46	0	-1
47	0	-1
48	0	-1
49	0	-1
50	0	-1
51	0	-1
52	0	-1
53	0	-1
54	0	-1
55	0	-1
56	0	-1
57	0	-1
58	0	-1
59	0	-1
60	0	-1
61	0	-1
62	0	-1
63	0	-1
64	0	-1
65	0	-1
66	0	-1
67	0	-1
68	0	-1
69	0	-1
70	0	-1
71	0	-1
72	0	-1
73	0	-1
74	0	-1
75	0	-1
76	0	-1
77	0	-1
78	0	-1
79	0	-1
80	0	-1
81	0	-1
82	0	-1
83	0	-1
84	0	-1
85	0	-1
86	0	-1
87	0	-1
88	0	-1
89	0	-1
90	0	-1
91	0	-1
92	0	-1
93	0	-1
94	0	-1
95	0	-1
96	0	-1
97	0	-1
98	0	-1
99	0	-1
100	0	-1
101	0	-1
102	0	-1
103	0	-1
104	0	-1
105	0	-1
106	0	-1
107	0	-1
108	0	-1
109	0	-1
110	0	-1
111	0	-0.666666666666667
112	0	-0.333333333333333
113	0	0
114	0.333333333333333	0
115	0.666666666666667	0
116	0.833333333333333	0
117	1	0
118	1	0
119	1	0
120	1	0
121	1	0
122	1	0
123	1	0
124	1	0
125	1	0
126	1	0
127	1	0
128	1	0
129	1	0
130	1	0
131	1	0
132	1	0
133	1	0
134	1	0
135	1	0
136	1	0
137	1	0
138	1	0
139	1	0
140	1	0
141	1	0
142	1	0
143	1	0
144	0.666666666666667	0
145	0.333333333333333	0
146	0	0
147	0	-0.333333333333333
148	0	-0.666666666666667
149	0	-1
150	0	-1
151	0	-1
152	0	-1
153	0	-1
154	0	-1
155	0	-1
156	0	-1
157	0	-0.833333333333333
158	0	-0.5
159	0	-0.166666666666667
160	0.166666666666667	0
161	0.333333333333333	0
162	0.666666666666667	0
163	1	0
164	1	0
165	1	0
166	1	0
167	1	0
168	1	0
169	1	0
170	1	0
171	1	0
172	1	0
173	1	0
174	0.666666666666667	0
175	0.666666666666667	0
176	0.333333333333333	0
177	0.333333333333333	0
178	0.333333333333333	0
179	0.666666666666667	0
180	0.666666666666667	0
181	0.666666666666667	0
182	0.333333333333333	0
183	0	0
184	0	-0.166666666666667
185	0	-0.333333333333333
186	0	0
187	0.333333333333333	0
188	0.666666666666667	0
189	1	0
190	0.666666666666667	0
191	0.333333333333333	0
192	0	0
193	0	-0.333333333333333
194	0	-0.666666666666667
195	0	-1
196	0	-0.666666666666667
197	0	-0.333333333333333
198	0	0
199	0.333333333333333	0
200	0.666666666666667	0
201	1	0
202	0.666666666666667	0
203	0.333333333333333	0
204	0	0
205	0	-0.333333333333333
206	0	-0.666666666666667
207	0	-0.833333333333333
208	0	-1
209	0	-1
210	0	-1
211	0	-1
212	0	-1
213	0	-0.666666666666667
214	0	-0.333333333333333
215	0	0
216	0.333333333333333	0
217	0.666666666666667	0
218	1	0
219	1	0
220	1	0
221	0.666666666666667	0
222	0.666666666666667	0
223	0.666666666666667	0
224	0.666666666666667	0
225	0.333333333333333	0
226	0.333333333333333	0
227	0.666666666666667	0
228	0.666666666666667	0
229	0.5	0
230	0.5	0
231	0.666666666666667	0
232	0.666666666666667	0
233	0.5	0
234	0.333333333333333	0
235	0	0
236	0	-0.333333333333333
237	0	-0.666666666666667
238	0	-1
239	0	-1
240	0	-1
241	0	-1
242	0	-1
243	0	-1
244	0	-1
245	0	-1
246	0	-0.666666666666667
247	0	-0.666666666666667
248	0	-0.666666666666667
249	0	-0.333333333333333
250	0	0
251	0.333333333333333	0
252	0.333333333333333	0
253	0.666666666666667	0
254	0.333333333333333	0
255	0.333333333333333	0
256	0.333333333333333	0
257	0.333333333333333	0
258	0.666666666666667	0
259	1	0
260	1	0
261	1	0
262	0.666666666666667	0
263	0.333333333333333	0
264	0	0
265	0	-0.333333333333333
266	0	-0.666666666666667
267	0	-1
268	0	-1
269	0	-1
270	0	-1
271	0	-1
272	0	-1
273	0	-1
274	0	-1
275	0	-1
276	0	-1
277	0	-1
278	0	-1
279	0	-1
280	0	-1
281	0	-1
282	0	-1
283	0	-1
284	0	-1
285	0	-1
286	0	-1
287	0	-0.833333333333333
288	0	-0.666666666666667
289	0	-0.333333333333333
290	0	0
291	0.333333333333333	0
292	0.333333333333333	0
293	0.166666666666667	0
294	0	-0.166666666666667
295	0	-0.5
296	0	-0.666666666666667
297	0	-0.833333333333333
298	0	-1
299	0	-1
300	0	-1
301	0	-1
302	0	-1
303	0	-1
304	0	-1
305	0	-1
306	0	-1
307	0	-1
308	0	-1
309	0	-1
310	0	-0.666666666666667
311	0	-0.333333333333333
312	0	-0.333333333333333
313	0	-0.333333333333333
314	0	-0.333333333333333
315	0	-0.333333333333333
316	0	-0.333333333333333
317	0	-0.666666666666667
318	0	-0.833333333333333
319	0	-1
320	0	-1
321	0	-1
322	0	-1
323	0	-1
324	0	-1
325	0	-1
326	0	-1
327	0	-1
328	0	-1
329	0	-1
330	0	-1
331	0	-1
332	0	-1
333	0	-1
334	0	-1
335	0	-0.833333333333333
336	0	-0.666666666666667
337	0	-0.333333333333333
338	0	0
339	0.166666666666667	0
340	0.166666666666667	0
341	0.333333333333333	0
342	0.666666666666667	0
343	1	0
344	1	0
345	1	0
346	1	0
347	1	0
348	1	0
349	1	0
350	1	0
351	1	0
352	1	0
353	1	0
354	1	0
355	1	0
356	1	0
357	1	0
358	1	0
359	1	0
360	1	0
361	1	0
362	1	0
363	1	0
364	1	0
365	1	0
366	1	0
367	1	0
368	1	0
369	1	0
370	1	0
371	1	0
372	1	0
373	1	0
374	1	0
375	0.666666666666667	0
376	0.333333333333333	0
377	0	0
378	0	-0.333333333333333
379	0	-0.666666666666667
380	0	-0.333333333333333
381	0	0
382	0.333333333333333	0
383	0.666666666666667	0
384	0.666666666666667	0
385	1	0
386	0.666666666666667	0
387	0.666666666666667	0
388	0.666666666666667	0
389	1	0
390	0.833333333333333	0
391	1	0
392	1	0
393	1	0
394	1	0
395	1	0
396	1	0
397	1	0
398	1	0
399	0.666666666666667	0
400	0.333333333333333	0
401	0	0
402	0	-0.333333333333333
403	0	-0.666666666666667
404	0	-1
405	0	-1
406	0	-1
407	0	-0.666666666666667
408	0	-0.333333333333333
409	0	0
410	0.333333333333333	0
411	0.666666666666667	0
412	1	0
413	1	0
414	1	0
415	1	0
416	1	0
417	1	0
418	1	0
419	1	0
420	1	0
421	0.666666666666667	0
422	0.666666666666667	0
423	0.666666666666667	0
424	0.666666666666667	0
425	0.666666666666667	0
426	0.666666666666667	0
427	1	0
428	1	0
429	1	0
430	1	0
431	1	0
432	1	0
433	1	0
434	1	0
435	1	0
436	1	0
437	1	0
438	1	0
439	1	0
440	1	0
441	1	0
442	1	0
443	1	0
444	1	0
445	1	0
446	0.666666666666667	0
447	0.333333333333333	0
448	0	0
449	0	-0.333333333333333
450	0	-0.666666666666667
451	0	-1
452	0	-1
453	0	-1
454	0	-1
455	0	-1
456	0	-1
457	0	-1
458	0	-1
459	0	-1
460	0	-1
461	0	-1
462	0	-1
463	0	-1
464	0	-1
465	0	-1
466	0	-1
467	0	-1
468	0	-1
469	0	-1
470	0	-1
471	0	-1
472	0	-1
473	0	-1
474	0	-1
475	0	-1
476	0	-1
477	0	-1
478	0	-1
479	0	-1
480	0	-1
481	0	-1
482	0	-1
483	0	-1
484	0	-0.666666666666667
485	0	-0.333333333333333
486	0	0
487	0.333333333333333	0
488	0.666666666666667	0
489	1	0
490	0.666666666666667	0
491	0.333333333333333	0
492	0	0
493	0	-0.333333333333333
494	0	-0.666666666666667
495	0	-1
496	0	-1
497	0	-1
498	0	-1
499	0	-1
500	0	-1
501	0	-1
502	0	-1
503	0	-1
504	0	-1
505	0	-1
506	0	-1
507	0	-1
508	0	-1
509	0	-1
510	0	-1
511	0	-1
512	0	-1
513	0	-1
514	0	-1
515	0	-1
516	0	-1
517	0	-0.833333333333333
518	0	-0.666666666666667
519	0	-0.666666666666667
520	0	-0.5
521	0	-0.333333333333333
522	0	0
523	0	0
524	0	0
525	0	0
526	0	-0.166666666666667
527	0	-0.333333333333333
528	0	-0.666666666666667
529	0	-1
530	0	-1
531	0	-1
532	0	-1
533	0	-1
534	0	-1
535	0	-1
536	0	-1
537	0	-1
538	0	-1
539	0	-1
540	0	-1
541	0	-1
542	0	-1
543	0	-1
544	0	-1
545	0	-1
546	0	-1
547	0	-1
548	0	-1
549	0	-1
550	0	-1
551	0	-1
552	0	-1
553	0	-1
554	0	-1
555	0	-1
556	0	-1
557	0	-1
558	0	-1
559	0	-1
560	0	-1
561	0	-1
562	0	-1
563	0	-1
564	0	-1
565	0	-1
566	0	-1
567	0	-1
568	0	-1
569	0	-1
570	0	-1
571	0	-1
572	0	-1
573	0	-1
574	0	-1
575	0	-1
576	0	-1
577	0	-1
578	0	-1
579	0	-1
580	0	-1
581	0	-1
582	0	-1
583	0	-1
584	0	-1
585	0	-1
586	0	-1
587	0	-1
588	0	-1
589	0	-1
590	0	-1
591	0	-1
592	0	-1
593	0	-1
594	0	-1
595	0	-1
596	0	-1
597	0	-1
598	0	-1
599	0	-1
600	0	-1
601	0	-1
602	0	-1
603	0	-1
604	0	-1
605	0	-1
606	0	-1
607	0	-1
608	0	-1
609	0	-1
610	0	-1
611	0	-1
612	0	-1
613	0	-1
614	0	-1
615	0	-1
616	0	-1
617	0	-1
618	0	-1
619	0	-1
620	0	-1
621	0	-1
622	0	-1
623	0	-1
624	0	-0.666666666666667
625	0	-1
626	0	-1
627	0	-0.666666666666667
628	0	-0.333333333333333
629	0	0
630	0.333333333333333	0
631	0.333333333333333	0
632	0.333333333333333	0
633	0	0
634	0	-0.333333333333333
635	0	-0.666666666666667
636	0	-1
637	0	-1
638	0	-1
639	0	-1
640	0	-1
641	0	-1
642	0	-1
643	0	-1
644	0	-1
645	0	-1
646	0	-1
647	0	-0.666666666666667
648	0	-0.333333333333333
649	0	-0.333333333333333
650	0	0
651	0.333333333333333	0
652	0.333333333333333	0
653	0.666666666666667	0
654	1	0
655	0.666666666666667	0
656	1	0
657	1	0
658	1	0
659	1	0
660	1	0
661	1	0
662	1	0
663	1	0
664	1	0
665	1	0
666	1	0
667	1	0
668	1	0
669	0.833333333333333	0
670	0.666666666666667	0
671	0.333333333333333	0
672	0	0
673	0	-0.166666666666667
674	0	-0.333333333333333
675	0	-0.333333333333333
676	0	-0.166666666666667
677	0	-0.333333333333333
678	0	-0.666666666666667
679	0	-0.666666666666667
680	0	-0.5
681	0	-0.666666666666667
682	0	-0.666666666666667
683	0	-0.333333333333333
684	0	0
685	0.333333333333333	0
686	0.666666666666667	0
687	1	0
688	1	0
689	0.666666666666667	0
690	0.333333333333333	0
691	0	0
692	0	-0.333333333333333
693	0	-0.666666666666667
694	0	-1
695	0	-1
696	0	-1
697	0	-1
698	0	-1
699	0	-1
700	0	-1
701	0	-1
702	0	-1
703	0	-1
704	0	-1
705	0	-1
706	0	-1
707	0	-1
708	0	-1
709	0	-1
710	0	-1
711	0	-1
712	0	-1
713	0	-1
714	0	-1
715	0	-1
716	0	-1
717	0	-0.833333333333333
718	0	-0.666666666666667
719	0	-0.5
720	0	-0.333333333333333
721	0	-0.166666666666667
722	0	0
