position	positive	negative
1	0	-0.166666666666667
2	0	-0.333333333333333
3	0	-0.5
4	0	-0.666666666666667
5	0	-0.833333333333333
6	0	-1
7	0	-1
8	0	-1
9	0	-1
10	0	-1
11	0	-1
12	0	-1
13	0	-1
14	0	-1
15	0	-1
16	0	-1
17	0	-1
18	0	-1
19	0	-1
20	0	-1
21	0	-1
22	0	-1
23	0	-1
24	0	-1
25	0	-1
26	0	-1
27	0	-1
28	0	-1
29	0	-1
30	0	-1
31	0	-1
32	0	-1
33	0	-1
34	0	-1
35	0	-1
36	0	-1
37	0	-1
38	0	-1
39	0	-1
40	0	-1
41	0	-1
42	0	-1
43	0	-1
44	0	-1
45	0	-1
46	0	-1
47	0	-1
48	0	-1
49	0	-1
50	0	-1
51	0	-1
52	0	-1
53	0	-1
54	0	-1
55	0	-1
56	0	-1
57	0	-1
58	0	-1
59	0	-1
60	0	-1
61	0	-1
62	0	-1
63	0	-1
64	0	-1
65	0	-1
66	0	-1
67	0	-1
68	0	-1
69	0	-1
70	0	-1
71	0	-1
72	0	-1
73	0	-0.666666666666667
74	0	-0.333333333333333
75	0	0
76	0.333333333333333	0
77	0.666666666666667	0
78	1	0
79	1	0
80	1	0
81	1	0
82	1	0
83	1	0
84	1	0
85	1	0
86	1	0
87	1	0
88	1	0
89	1	0
90	1	0
91	0.666666666666667	0
92	0.666666666666667	0
93	0.666666666666667	0
94	0.666666666666667	0
95	0.666666666666667	0
96	1	0
97	1	0
98	1	0
99	1	0
100	1	0
101	1	0
102	1	0
103	1	0
104	1	0
105	1	0
106	1	0
107	1	0
108	1	0
109	1	0
110	0.666666666666667	0
111	0.666666666666667	0
112	0.333333333333333	0
113	0.333333333333333	0
114	0.333333333333333	0
115	0.333333333333333	0
116	0.333333333333333	0
117	0.666666666666667	0
118	1	0
119	1	0
120	1	0
121	1	0
122	1	0
123	1	0
124	1	0
125	1	0
126	1	0
127	1	0
128	1	0
129	1	0
130	1	0
131	1	0
132	1	0
133	1	0
134	1	0
135	1	0
136	1	0
137	1	0
138	1	0
139	1	0
140	1	0
141	1	0
142	1	0
143	0.666666666666667	0
144	0.333333333333333	0
145	0	0
146	0	-0.333333333333333
147	0	-0.333333333333333
148	0	-0.333333333333333
149	0	-0.333333333333333
150	0	-0.666666666666667
151	0	-1
152	0	-1
153	0	-1
154	0	-1
155	0	-1
156	0	-0.666666666666667
157	0	-0.333333333333333
158	0	0
159	0.333333333333333	0
160	0.666666666666667	0
161	1	0
162	1	0
163	1	0
164	1	0
165	1	0
166	1	0
167	1	0
168	1	0
169	1	0
170	1	0
171	1	0
172	1	0
173	1	0
174	1	0
175	1	0
176	1	0
177	1	0
178	0.666666666666667	0
179	0.333333333333333	0
180	0.333333333333333	0
181	0	0
182	0	-0.333333333333333
183	0	-0.666666666666667
184	0	-1
185	0	-1
186	0	-1
187	0	-0.666666666666667
188	0	-1
189	0	-0.666666666666667
190	0	-0.666666666666667
191	0	-0.333333333333333
192	0	-0.333333333333333
193	0	-0.333333333333333
194	0	0
195	0	0
196	0.333333333333333	0
197	0.333333333333333	0
198	0.333333333333333	0
199	0.666666666666667	0
200	0.666666666666667	0
201	0.666666666666667	0
202	1	0
203	1	0
204	1	0
205	1	0
206	1	0
207	1	0
208	1	0
209	1	0
210	1	0
211	1	0
212	1	0
213	1	0
214	1	0
215	1	0
216	0.666666666666667	0
217	0.333333333333333	0
218	0	0
219	0	-0.333333333333333
220	0	-0.666666666666667
221	0	-1
222	0	-1
223	0	-0.666666666666667
224	0	-0.666666666666667
225	0	-0.333333333333333
226	0	0
227	0	0
228	0.333333333333333	0
229	0.666666666666667	0
230	1	0
231	1	0
232	1	0
233	1	0
234	1	0
235	1	0
236	1	0
237	1	0
238	1	0
239	1	0
240	1	0
241	1	0
242	1	0
243	1	0
244	1	0
245	1	0
246	1	0
247	0.666666666666667	0
248	0.666666666666667	0
249	0.333333333333333	0
250	0.333333333333333	0
251	0.333333333333333	0
252	0.333333333333333	0
253	0.666666666666667	0
254	0.666666666666667	0
255	1	0
256	1	0
257	1	0
258	0.666666666666667	0
259	1	0
260	1	0
261	1	0
262	1	0
263	1	0
264	1	0
265	1	0
266	1	0
267	1	0
268	0.666666666666667	0
269	0.333333333333333	0
270	0	0
271	0	0
272	0	-0.333333333333333
273	0	-0.666666666666667
274	0	-0.333333333333333
275	0	-0.333333333333333
276	0	0
277	0.333333333333333	0
278	0.666666666666667	0
279	1	0
280	1	0
281	1	0
282	1	0
283	1	0
284	1	0
285	1	0
286	1	0
287	0.666666666666667	0
288	0.666666666666667	0
289	0.666666666666667	0
290	0.666666666666667	0
291	0.333333333333333	0
292	0.333333333333333	0
293	0.333333333333333	0
294	0.333333333333333	0
295	0.333333333333333	0
296	0.666666666666667	0
297	0.666666666666667	0
298	0.666666666666667	0
299	0.666666666666667	0
300	1	0
301	0.666666666666667	0
302	0.333333333333333	0
303	0	0
304	0	-0.333333333333333
305	0	-0.333333333333333
306	0	-0.333333333333333
307	0	0
308	0.333333333333333	0
309	0.666666666666667	0
310	1	0
311	1	0
312	1	0
313	1	0
314	1	0
315	1	0
316	1	0
317	1	0
318	1	0
319	0.666666666666667	0
320	0.666666666666667	0
321	0.333333333333333	0
322	0	0
323	0	-0.333333333333333
324	0	-0.666666666666667
325	0	-1
326	0	-1
327	0	-1
328	0	-1
329	0	-1
330	0	-1
331	0	-1
332	0	-1
333	0	-1
334	0	-1
335	0	-1
336	0	-1
337	0	-1
338	0	-1
339	0	-1
340	0	-1
341	0	-1
342	0	-0.666666666666667
343	0	-0.666666666666667
344	0	-0.333333333333333
345	0	0
346	0.333333333333333	0
347	0.666666666666667	0
348	0.666666666666667	0
349	0.333333333333333	0
350	0	0
351	0	-0.333333333333333
352	0	-0.666666666666667
353	0	-1
354	0	-1
355	0	-1
356	0	-1
357	0	-1
358	0	-1
359	0	-1
360	0	-1
361	0	-1
362	0	-0.666666666666667
363	0	-0.333333333333333
364	0	0
365	0.333333333333333	0
366	0.666666666666667	0
367	1	0
368	0.666666666666667	0
369	0.333333333333333	0
370	0	0
371	0	0
372	0	-0.333333333333333
373	0	-0.333333333333333
374	0	-0.333333333333333
375	0	-0.666666666666667
376	0	-0.666666666666667
377	0	-0.666666666666667
378	0	-0.666666666666667
379	0	-0.666666666666667
380	0	-0.333333333333333
381	0	-0.666666666666667
382	0	-0.666666666666667
383	0	-0.333333333333333
384	0	-0.666666666666667
385	0	-0.666666666666667
386	0	-1
387	0	-0.666666666666667
388	0	-0.333333333333333
389	0	-0.333333333333333
390	0	0
391	0.333333333333333	0
392	0.666666666666667	0
393	0.666666666666667	0
394	0.666666666666667	0
395	0.666666666666667	0
396	0.333333333333333	0
397	0.333333333333333	0
398	0	0
399	0	-0.333333333333333
400	0	-0.666666666666667
401	0	-0.333333333333333
402	0	-0.666666666666667
403	0	-0.666666666666667
404	0	-0.666666666666667
405	0	-0.666666666666667
406	0	-0.666666666666667
407	0	-1
408	0	-1
409	0	-1
410	0	-1
411	0	-1
412	0	-1
413	0	-1
414	0	-1
415	0	-0.666666666666667
416	0	-0.333333333333333
417	0	0
418	0.333333333333333	0
419	0.666666666666667	0
420	0.666666666666667	0
421	0.333333333333333	0
422	0.666666666666667	0
423	1	0
424	0.666666666666667	0
425	0.666666666666667	0
426	0.666666666666667	0
427	0.666666666666667	0
428	0.333333333333333	0
429	0	0
430	0	0
431	0	0
432	0	0
433	0.333333333333333	0
434	0.333333333333333	0
435	0.333333333333333	0
436	0	0
437	0.333333333333333	0
438	0.333333333333333	0
439	0	0
440	0	0
441	0	-0.333333333333333
442	0	-0.333333333333333
443	0	-0.666666666666667
444	0	-0.666666666666667
445	0	-1
446	0	-1
447	0	-1
448	0	-1
449	0	-1
450	0	-1
451	0	-1
452	0	-1
453	0	-1
454	0	-1
455	0	-1
456	0	-1
457	0	-1
458	0	-1
459	0	-1
460	0	-1
461	0	-0.833333333333333
462	0	-0.666666666666667
463	0	-0.5
464	0	-0.333333333333333
465	0	-0.166666666666667
466	0	0
