position	positive	negative
1	0	-0.166666666666667
2	0	-0.333333333333333
3	0	-0.5
4	0	-0.666666666666667
5	0	-0.833333333333333
6	0	-1
7	0	-1
8	0	-1
9	0	-1
10	0	-1
11	0	-1
12	0	-1
13	0	-1
14	0	-1
15	0	-1
16	0	-1
17	0	-1
18	0	-1
19	0	-1
20	0	-1
21	0	-1
22	0	-1
23	0	-1
24	0	-1
25	0	-1
26	0	-1
27	0	-1
28	0	-1
29	0	-1
30	0	-1
31	0	-1
32	0	-1
33	0	-1
34	0	-1
35	0	-1
36	0	-1
37	0	-1
38	0	-1
39	0	-1
40	0	-1
41	0	-1
42	0	-1
43	0	-1
44	0	-1
45	0	-1
46	0	-1
47	0	-1
48	0	-1
49	0	-1
50	0	-1
51	0	-1
52	0	-1
53	0	-1
54	0	-1
55	0	-1
56	0	-1
57	0	-1
58	0	-1
59	0	-1
60	0	-1
61	0	-1
62	0	-1
63	0	-1
64	0	-1
65	0	-1
66	0	-1
67	0	-1
68	0	-1
69	0	-1
70	0	-1
71	0	-1
72	0	-1
73	0	-1
74	0	-1
75	0	-1
76	0	-1
77	0	-1
78	0	-1
79	0	-1
80	0	-1
81	0	-1
82	0	-1
83	0	-1
84	0	-1
85	0	-1
86	0	-1
87	0	-1
88	0	-1
89	0	-1
90	0	-1
91	0	-1
92	0	-1
93	0	-1
94	0	-1
95	0	-1
96	0	-1
97	0	-1
98	0	-0.666666666666667
99	0	-0.666666666666667
100	0	-0.333333333333333
101	0	-0.333333333333333
102	0	-0.333333333333333
103	0	-0.333333333333333
104	0	-0.5
105	0	-0.666666666666667
106	0	-1
107	0	-1
108	0	-1
109	0	-1
110	0	-1
111	0	-1
112	0	-1
113	0	-1
114	0	-1
115	0	-1
116	0	-1
117	0	-1
118	0	-1
119	0	-1
120	0	-1
121	0	-1
122	0	-1
123	0	-1
124	0	-1
125	0	-1
126	0	-1
127	0	-1
128	0	-1
129	0	-1
130	0	-1
131	0	-1
132	0	-1
133	0	-1
134	0	-1
135	0	-1
136	0	-1
137	0	-1
138	0	-1
139	0	-1
140	0	-1
141	0	-1
142	0	-1
143	0	-1
144	0	-0.666666666666667
145	0	-0.5
146	0	-0.5
147	0	-0.333333333333333
148	0	-0.333333333333333
149	0	-0.166666666666667
150	0	-0.166666666666667
151	0	-0.166666666666667
152	0	0
153	0	-0.166666666666667
154	0	-0.5
155	0	-0.833333333333333
156	0	-0.666666666666667
157	0	-0.666666666666667
158	0	-1
159	0	-1
160	0	-0.833333333333333
161	0	-1
162	0	-1
163	0	-1
164	0	-1
165	0	-1
166	0	-1
167	0	-1
168	0	-1
169	0	-1
170	0	-1
171	0	-1
172	0	-1
173	0	-1
174	0	-1
175	0	-1
176	0	-1
177	0	-1
178	0	-1
179	0	-1
180	0	-1
181	0	-1
182	0	-1
183	0	-1
184	0	-1
185	0	-1
186	0	-1
187	0	-1
188	0	-1
189	0	-1
190	0	-1
191	0	-0.666666666666667
192	0	-0.666666666666667
193	0	-0.666666666666667
194	0	-0.666666666666667
195	0	-0.833333333333333
196	0	-1
197	0	-0.666666666666667
198	0	-0.5
199	0	-0.666666666666667
200	0	-1
201	0	-1
202	0	-0.666666666666667
203	0	-0.333333333333333
204	0	-0.666666666666667
205	0	-1
206	0	-1
207	0	-1
208	0	-1
209	0	-0.833333333333333
210	0	-1
211	0	-1
212	0	-1
213	0	-1
214	0	-1
215	0	-1
216	0	-1
217	0	-1
218	0	-1
219	0	-1
220	0	-1
221	0	-1
222	0	-1
223	0	-1
224	0	-1
225	0	-1
226	0	-0.666666666666667
227	0	-0.333333333333333
228	0	-0.333333333333333
229	0	0
230	0	0
231	0	-0.333333333333333
232	0	-0.333333333333333
233	0	-0.666666666666667
234	0	-0.833333333333333
235	0	-1
236	0	-1
237	0	-1
238	0	-1
239	0	-0.666666666666667
240	0	-0.333333333333333
241	0	-0.333333333333333
242	0	0
243	0	0
244	0.333333333333333	0
245	0.333333333333333	0
246	0.5	0
247	0.833333333333333	0
248	1	0
249	1	0
250	0.666666666666667	0
251	0.666666666666667	0
252	1	0
253	1	0
254	0.666666666666667	0
255	0.333333333333333	0
256	0	0
257	0	-0.333333333333333
258	0	-0.333333333333333
259	0	-0.666666666666667
260	0	-0.666666666666667
261	0	-0.333333333333333
262	0	-0.666666666666667
263	0	-0.666666666666667
264	0	-0.666666666666667
265	0	-0.666666666666667
266	0	-1
267	0	-0.666666666666667
268	0	-0.666666666666667
269	0	-0.333333333333333
270	0	0
271	0.166666666666667	0
272	0.5	0
273	0.666666666666667	0
274	0.333333333333333	0
275	0.333333333333333	0
276	0.666666666666667	0
277	0.666666666666667	0
278	0.666666666666667	0
279	1	0
280	1	0
281	0.666666666666667	0
282	0.333333333333333	0
283	0	0
284	0	0
285	0	0
286	0	0
287	0	0
288	0.333333333333333	0
289	0.333333333333333	0
290	0.333333333333333	0
291	0.666666666666667	0
292	1	0
293	1	0
294	1	0
295	1	0
296	1	0
297	1	0
298	1	0
299	1	0
300	1	0
301	1	0
302	1	0
303	1	0
304	1	0
305	1	0
306	1	0
307	1	0
308	1	0
309	1	0
310	1	0
311	1	0
312	1	0
313	1	0
314	1	0
315	1	0
316	1	0
317	1	0
318	1	0
319	1	0
320	1	0
321	1	0
322	1	0
323	1	0
324	1	0
325	1	0
326	1	0
327	1	0
328	1	0
329	0.666666666666667	0
330	0.666666666666667	0
331	0.333333333333333	0
332	0	0
333	0.333333333333333	0
334	0.333333333333333	0
335	0.333333333333333	0
336	0.333333333333333	0
337	0.5	0
338	0.333333333333333	0
339	0.666666666666667	0
340	0.666666666666667	0
341	1	0
342	1	0
343	1	0
344	1	0
345	1	0
346	1	0
347	1	0
348	1	0
349	1	0
350	1	0
351	1	0
352	1	0
353	1	0
354	1	0
355	1	0
356	1	0
357	1	0
358	1	0
359	1	0
360	1	0
361	1	0
362	1	0
363	1	0
364	1	0
365	1	0
366	1	0
367	1	0
368	1	0
369	1	0
370	0.666666666666667	0
371	0.333333333333333	0
372	0	0
373	0	0
374	0	0
375	0	0
376	0.333333333333333	0
377	0.666666666666667	0
378	1	0
379	1	0
380	1	0
381	1	0
382	1	0
383	1	0
384	1	0
385	1	0
386	1	0
387	1	0
388	1	0
389	1	0
390	1	0
391	0.666666666666667	0
392	0.666666666666667	0
393	0.5	0
394	0.333333333333333	0
395	0.333333333333333	0
396	0.333333333333333	0
397	0.666666666666667	0
398	0.666666666666667	0
399	0.666666666666667	0
400	0.666666666666667	0
401	1	0
402	1	0
403	1	0
404	0.666666666666667	0
405	0.666666666666667	0
406	0.666666666666667	0
407	0.333333333333333	0
408	0.333333333333333	0
409	0	0
410	0	0
411	0.333333333333333	0
412	0.333333333333333	0
413	0.333333333333333	0
414	0.666666666666667	0
415	0.666666666666667	0
416	1	0
417	1	0
418	1	0
419	1	0
420	1	0
421	1	0
422	1	0
423	1	0
424	1	0
425	1	0
426	1	0
427	1	0
428	1	0
429	1	0
430	1	0
431	1	0
432	1	0
433	1	0
434	1	0
435	1	0
436	1	0
437	1	0
438	1	0
439	1	0
440	1	0
441	1	0
442	1	0
443	1	0
444	0.666666666666667	0
445	0.666666666666667	0
446	0.666666666666667	0
447	0.666666666666667	0
448	0.666666666666667	0
449	0.833333333333333	0
450	1	0
451	1	0
452	1	0
453	1	0
454	1	0
455	1	0
456	1	0
457	1	0
458	1	0
459	1	0
460	1	0
461	1	0
462	1	0
463	1	0
464	1	0
465	1	0
466	1	0
467	1	0
468	1	0
469	1	0
470	1	0
471	1	0
472	1	0
473	1	0
474	1	0
475	0.666666666666667	0
476	0.666666666666667	0
477	0.666666666666667	0
478	0.666666666666667	0
479	0.666666666666667	0
480	1	0
481	1	0
482	1	0
483	1	0
484	1	0
485	1	0
486	1	0
487	1	0
488	1	0
489	1	0
490	1	0
491	1	0
492	0.666666666666667	0
493	0.666666666666667	0
494	0.666666666666667	0
495	1	0
496	0.666666666666667	0
497	0.666666666666667	0
498	0.666666666666667	0
499	0.833333333333333	0
500	0.833333333333333	0
501	0.833333333333333	0
502	1	0
503	0.666666666666667	0
504	0.666666666666667	0
505	0.5	0
506	0.333333333333333	0
507	0	0
508	0	0
509	0	0
510	0.333333333333333	0
511	0.333333333333333	0
512	0.333333333333333	0
513	0.666666666666667	0
514	0.666666666666667	0
515	0.666666666666667	0
516	0.666666666666667	0
517	0.333333333333333	0
518	0	0
519	0	-0.333333333333333
520	0	-0.666666666666667
521	0	-0.333333333333333
522	0	-0.5
523	0	-0.666666666666667
524	0	-0.833333333333333
525	0	-0.833333333333333
526	0	-1
527	0	-1
528	0	-1
529	0	-1
530	0	-1
531	0	-1
532	0	-1
533	0	-1
534	0	-1
535	0	-1
536	0	-1
537	0	-1
538	0	-1
539	0	-1
540	0	-1
541	0	-1
542	0	-1
543	0	-1
544	0	-1
545	0	-0.833333333333333
546	0	-0.666666666666667
547	0	-0.5
548	0	-0.333333333333333
549	0	-0.166666666666667
550	0	0
