position	positive	negative
1	0	-0.166666666666667
2	0	-0.333333333333333
3	0	-0.5
4	0	-0.666666666666667
5	0	-0.833333333333333
6	0	-1
7	0	-1
8	0	-1
9	0	-1
10	0	-1
11	0	-1
12	0	-1
13	0	-1
14	0	-1
15	0	-1
16	0	-1
17	0	-1
18	0	-1
19	0	-1
20	0	-1
21	0	-1
22	0	-1
23	0	-1
24	0	-1
25	0	-1
26	0	-1
27	0	-1
28	0	-1
29	0	-1
30	0	-1
31	0	-1
32	0	-1
33	0	-1
34	0	-1
35	0	-1
36	0	-1
37	0	-1
38	0	-1
39	0	-1
40	0	-1
41	0	-1
42	0	-1
43	0	-1
44	0	-1
45	0	-1
46	0	-1
47	0	-1
48	0	-1
49	0	-1
50	0	-1
51	0	-1
52	0	-1
53	0	-1
54	0	-1
55	0	-1
56	0	-1
57	0	-1
58	0	-1
59	0	-1
60	0	-1
61	0	-1
62	0	-1
63	0	-1
64	0	-1
65	0	-1
66	0	-1
67	0	-1
68	0	-1
69	0	-1
70	0	-1
71	0	-1
72	0	-1
73	0	-1
74	0	-1
75	0	-1
76	0	-1
77	0	-1
78	0	-1
79	0	-1
80	0	-1
81	0	-1
82	0	-1
83	0	-1
84	0	-1
85	0	-1
86	0	-1
87	0	-1
88	0	-1
89	0	-1
90	0	-1
91	0	-1
92	0	-1
93	0	-1
94	0	-1
95	0	-1
96	0	-1
97	0	-1
98	0	-1
99	0	-1
100	0	-1
101	0	-1
102	0	-1
103	0	-1
104	0	-1
105	0	-1
106	0	-1
107	0	-1
108	0	-1
109	0	-1
110	0	-1
111	0	-1
112	0	-1
113	0	-1
114	0	-1
115	0	-1
116	0	-1
117	0	-1
118	0	-1
119	0	-1
120	0	-1
121	0	-1
122	0	-1
123	0	-1
124	0	-1
125	0	-1
126	0	-1
127	0	-1
128	0	-0.666666666666667
129	0	-0.666666666666667
130	0	-0.666666666666667
131	0	-0.666666666666667
132	0	-0.666666666666667
133	0	-0.666666666666667
134	0	-1
135	0	-0.666666666666667
136	0	-0.333333333333333
137	0	-0.333333333333333
138	0	-0.333333333333333
139	0	-0.333333333333333
140	0	-0.333333333333333
141	0	-0.666666666666667
142	0	-1
143	0	-1
144	0	-1
145	0	-1
146	0	-1
147	0	-1
148	0	-1
149	0	-1
150	0	-1
151	0	-1
152	0	-1
153	0	-1
154	0	-0.666666666666667
155	0	-0.666666666666667
156	0	-0.666666666666667
157	0	-0.666666666666667
158	0	-1
159	0	-1
160	0	-1
161	0	-1
162	0	-1
163	0	-1
164	0	-1
165	0	-1
166	0	-1
167	0	-1
168	0	-1
169	0	-0.666666666666667
170	0	-0.666666666666667
171	0	-1
172	0	-1
173	0	-1
174	0	-1
175	0	-1
176	0	-1
177	0	-1
178	0	-0.666666666666667
179	0	-0.333333333333333
180	0	0
181	0.333333333333333	0
182	0.333333333333333	0
183	0.333333333333333	0
184	0.333333333333333	0
185	0	0
186	0	-0.333333333333333
187	0	-0.666666666666667
188	0	-1
189	0	-1
190	0	-1
191	0	-1
192	0	-1
193	0	-1
194	0	-1
195	0	-0.666666666666667
196	0	-0.333333333333333
197	0	-0.333333333333333
198	0	0
199	0.333333333333333	0
200	0.333333333333333	0
201	0.333333333333333	0
202	0.333333333333333	0
203	0	0
204	0	-0.333333333333333
205	0	-0.666666666666667
206	0	-0.666666666666667
207	0	-1
208	0	-1
209	0	-1
210	0	-1
211	0	-1
212	0	-1
213	0	-1
214	0	-1
215	0	-1
216	0	-1
217	0	-1
218	0	-1
219	0	-1
220	0	-1
221	0	-1
222	0	-1
223	0	-1
224	0	-1
225	0	-1
226	0	-1
227	0	-1
228	0	-1
229	0	-1
230	0	-1
231	0	-1
232	0	-1
233	0	-1
234	0	-0.666666666666667
235	0	-0.333333333333333
236	0	0
237	0.333333333333333	0
238	0.666666666666667	0
239	1	0
240	1	0
241	1	0
242	1	0
243	1	0
244	1	0
245	0.666666666666667	0
246	0.333333333333333	0
247	0	0
248	0	-0.333333333333333
249	0	-0.666666666666667
250	0	-1
251	0	-1
252	0	-1
253	0	-1
254	0	-1
255	0	-1
256	0	-0.666666666666667
257	0	-0.666666666666667
258	0	-0.333333333333333
259	0	0
260	0.333333333333333	0
261	0.666666666666667	0
262	0.333333333333333	0
263	0.333333333333333	0
264	0	0
265	0	0
266	0.333333333333333	0
267	0.666666666666667	0
268	0.333333333333333	0
269	0	0
270	0	-0.333333333333333
271	0	-0.666666666666667
272	0	-0.666666666666667
273	0	-1
274	0	-0.666666666666667
275	0	-0.666666666666667
276	0	-0.333333333333333
277	0	0
278	0.333333333333333	0
279	0.666666666666667	0
280	1	0
281	1	0
282	1	0
283	1	0
284	1	0
285	0.666666666666667	0
286	0.333333333333333	0
287	0.333333333333333	0
288	0	0
289	0	0
290	0	0
291	0	0
292	0.333333333333333	0
293	0.666666666666667	0
294	1	0
295	1	0
296	1	0
297	1	0
298	0.666666666666667	0
299	0.666666666666667	0
300	0.666666666666667	0
301	0.666666666666667	0
302	0.666666666666667	0
303	0.666666666666667	0
304	0.666666666666667	0
305	1	0
306	0.666666666666667	0
307	0.666666666666667	0
308	0.666666666666667	0
309	1	0
310	0.666666666666667	0
311	0.666666666666667	0
312	0.666666666666667	0
313	0.333333333333333	0
314	0	0
315	0.333333333333333	0
316	0	0
317	0	-0.333333333333333
318	0	-0.333333333333333
319	0	0
320	0.333333333333333	0
321	0.666666666666667	0
322	1	0
323	1	0
324	0.666666666666667	0
325	0.666666666666667	0
326	0.333333333333333	0
327	0	0
328	0	-0.333333333333333
329	0	-0.333333333333333
330	0	-0.666666666666667
331	0	-0.666666666666667
332	0	-0.666666666666667
333	0	-0.666666666666667
334	0	-0.333333333333333
335	0	-0.333333333333333
336	0	-0.333333333333333
337	0	-0.333333333333333
338	0	-0.666666666666667
339	0	-0.666666666666667
340	0	-0.333333333333333
341	0	0
342	0.333333333333333	0
343	0.666666666666667	0
344	0.666666666666667	0
345	1	0
346	1	0
347	1	0
348	0.666666666666667	0
349	0.666666666666667	0
350	0.666666666666667	0
351	0.666666666666667	0
352	0.333333333333333	0
353	0	0
354	0	-0.333333333333333
355	0	-0.666666666666667
356	0	-0.333333333333333
357	0	0
358	0	-0.333333333333333
359	0	-0.333333333333333
360	0	-0.666666666666667
361	0	-0.666666666666667
362	0	-1
363	0	-1
364	0	-1
365	0	-1
366	0	-0.666666666666667
367	0	-1
368	0	-1
369	0	-1
370	0	-1
371	0	-1
372	0	-0.666666666666667
373	0	-0.333333333333333
374	0	0
375	0.333333333333333	0
376	0.333333333333333	0
377	0.666666666666667	0
378	1	0
379	1	0
380	1	0
381	1	0
382	1	0
383	1	0
384	1	0
385	1	0
386	1	0
387	1	0
388	1	0
389	1	0
390	1	0
391	1	0
392	1	0
393	1	0
394	1	0
395	1	0
396	1	0
397	1	0
398	1	0
399	1	0
400	1	0
401	1	0
402	1	0
403	1	0
404	1	0
405	1	0
406	1	0
407	1	0
408	1	0
409	1	0
410	1	0
411	1	0
412	1	0
413	1	0
414	1	0
415	1	0
416	1	0
417	1	0
418	1	0
419	1	0
420	0.666666666666667	0
421	0.333333333333333	0
422	0	0
423	0	-0.333333333333333
424	0	-0.666666666666667
425	0	-1
426	0	-1
427	0	-1
428	0	-1
429	0	-1
430	0	-1
431	0	-1
432	0	-1
433	0	-1
434	0	-1
435	0	-1
436	0	-1
437	0	-1
438	0	-1
439	0	-1
440	0	-1
441	0	-1
442	0	-1
443	0	-1
444	0	-1
445	0	-1
446	0	-1
447	0	-1
448	0	-1
449	0	-1
450	0	-1
451	0	-1
452	0	-1
453	0	-1
454	0	-1
455	0	-1
456	0	-1
457	0	-1
458	0	-1
459	0	-0.666666666666667
460	0	-0.333333333333333
461	0	0
462	0.333333333333333	0
463	0.666666666666667	0
464	0.666666666666667	0
465	1	0
466	1	0
467	1	0
468	1	0
469	1	0
470	1	0
471	1	0
472	1	0
473	1	0
474	1	0
475	1	0
476	1	0
477	1	0
478	1	0
479	1	0
480	1	0
481	1	0
482	1	0
483	1	0
484	0.666666666666667	0
485	0.333333333333333	0
486	0	0
487	0	-0.333333333333333
488	0	-0.666666666666667
489	0	-0.333333333333333
490	0	-0.333333333333333
491	0	-0.333333333333333
492	0	-0.333333333333333
493	0	-0.333333333333333
494	0	0
495	0	0
496	0.333333333333333	0
497	0.666666666666667	0
498	1	0
499	1	0
500	1	0
501	1	0
502	1	0
503	1	0
504	1	0
505	1	0
506	1	0
507	1	0
508	1	0
509	1	0
510	1	0
511	1	0
512	1	0
513	0.666666666666667	0
514	0.333333333333333	0
515	0	0
516	0	-0.333333333333333
517	0	-0.333333333333333
518	0	0
519	0	0
520	0.333333333333333	0
521	0.666666666666667	0
522	0.666666666666667	0
523	0.333333333333333	0
524	0	0
525	0.333333333333333	0
526	0.333333333333333	0
527	0.333333333333333	0
528	0.666666666666667	0
529	0.666666666666667	0
530	1	0
531	1	0
532	1	0
533	1	0
534	0.666666666666667	0
535	0.333333333333333	0
536	0	0
537	0	-0.333333333333333
538	0	-0.666666666666667
539	0	-1
540	0	-0.666666666666667
541	0	-0.333333333333333
542	0	0
543	0.333333333333333	0
544	0.666666666666667	0
545	1	0
546	1	0
547	1	0
548	1	0
549	1	0
550	1	0
551	1	0
552	1	0
553	1	0
554	1	0
555	1	0
556	1	0
557	1	0
558	1	0
559	1	0
560	1	0
561	1	0
562	1	0
563	1	0
564	1	0
565	1	0
566	1	0
567	1	0
568	1	0
569	1	0
570	1	0
571	1	0
572	1	0
573	1	0
574	1	0
575	1	0
576	1	0
577	1	0
578	1	0
579	1	0
580	1	0
581	1	0
582	1	0
583	1	0
584	1	0
585	1	0
586	1	0
587	1	0
588	1	0
589	1	0
590	1	0
591	1	0
592	1	0
593	1	0
594	1	0
595	1	0
596	1	0
597	1	0
598	1	0
599	1	0
600	1	0
601	0.666666666666667	0
602	0.333333333333333	0
603	0	0
604	0	0
605	0	-0.333333333333333
606	0	-0.666666666666667
607	0	-1
608	0	-1
609	0	-1
610	0	-1
611	0	-1
612	0	-1
613	0	-1
614	0	-1
615	0	-1
616	0	-1
617	0	-1
618	0	-1
619	0	-1
620	0	-1
621	0	-1
622	0	-1
623	0	-1
624	0	-1
625	0	-1
626	0	-1
627	0	-1
628	0	-1
629	0	-1
630	0	-1
631	0	-1
632	0	-1
633	0	-1
634	0	-1
635	0	-1
636	0	-1
637	0	-1
638	0	-1
639	0	-1
640	0	-1
641	0	-1
642	0	-0.666666666666667
643	0	-0.333333333333333
644	0	0
645	0.333333333333333	0
646	0.666666666666667	0
647	1	0
648	1	0
649	1	0
650	1	0
651	1	0
652	0.666666666666667	0
653	0.333333333333333	0
654	0.333333333333333	0
655	0	0
656	0	0
657	0	-0.333333333333333
658	0	0
659	0.333333333333333	0
660	0.333333333333333	0
661	0.666666666666667	0
662	1	0
663	1	0
664	1	0
665	1	0
666	1	0
667	1	0
668	1	0
669	1	0
670	1	0
671	0.666666666666667	0
672	0.333333333333333	0
673	0	0
674	0	-0.333333333333333
675	0	-0.666666666666667
676	0	-1
677	0	-1
678	0	-1
679	0	-1
680	0	-1
681	0	-0.666666666666667
682	0	-0.333333333333333
683	0	0
684	0.333333333333333	0
685	0.666666666666667	0
686	1	0
687	0.666666666666667	0
688	0.666666666666667	0
689	1	0
690	0.666666666666667	0
691	0.666666666666667	0
692	0.666666666666667	0
693	0.333333333333333	0
694	0.666666666666667	0
695	0.666666666666667	0
696	0.666666666666667	0
697	0.666666666666667	0
698	0.666666666666667	0
699	0.666666666666667	0
700	0.666666666666667	0
701	1	0
702	1	0
703	1	0
704	1	0
705	1	0
706	1	0
707	1	0
708	1	0
709	1	0
710	1	0
711	1	0
712	1	0
713	1	0
714	1	0
715	1	0
716	1	0
717	1	0
718	1	0
719	1	0
720	1	0
721	1	0
722	1	0
723	1	0
724	1	0
725	1	0
726	1	0
727	1	0
728	1	0
729	1	0
730	1	0
731	1	0
732	1	0
733	1	0
734	1	0
735	1	0
736	1	0
737	1	0
738	1	0
739	1	0
740	0.666666666666667	0
741	0.333333333333333	0
742	0.333333333333333	0
743	0.333333333333333	0
744	0.333333333333333	0
745	0.333333333333333	0
746	0	0
747	0.333333333333333	0
748	0.666666666666667	0
749	1	0
750	1	0
751	1	0
752	0.666666666666667	0
753	0.666666666666667	0
754	0.666666666666667	0
755	0.666666666666667	0
756	0.666666666666667	0
757	1	0
758	1	0
759	0.666666666666667	0
760	0.666666666666667	0
761	0.666666666666667	0
762	0.666666666666667	0
763	0.666666666666667	0
764	0.666666666666667	0
765	1	0
766	1	0
767	1	0
768	1	0
769	1	0
770	1	0
771	1	0
772	1	0
773	0.666666666666667	0
774	0.333333333333333	0
775	0.333333333333333	0
776	0.333333333333333	0
777	0.333333333333333	0
778	0.333333333333333	0
779	0.666666666666667	0
780	1	0
781	0.666666666666667	0
782	0.666666666666667	0
783	0.666666666666667	0
784	0.666666666666667	0
785	0.666666666666667	0
786	0.666666666666667	0
787	1	0
788	1	0
789	1	0
790	1	0
791	1	0
792	0.833333333333333	0
793	0.666666666666667	0
794	0.5	0
795	0.333333333333333	0
796	0.166666666666667	0
797	0	0
