position	positive	negative
1	0	-0.166666666666667
2	0	-0.333333333333333
3	0	-0.5
4	0	-0.666666666666667
5	0	-0.833333333333333
6	0	-1
7	0	-1
8	0	-1
9	0	-1
10	0	-1
11	0	-1
12	0	-1
13	0	-1
14	0	-1
15	0	-1
16	0	-1
17	0	-1
18	0	-1
19	0	-1
20	0	-1
21	0	-1
22	0	-1
23	0	-1
24	0	-1
25	0	-1
26	0	-1
27	0	-1
28	0	-1
29	0	-1
30	0	-1
31	0	-1
32	0	-1
33	0	-1
34	0	-1
35	0	-1
36	0	-1
37	0	-1
38	0	-1
39	0	-1
40	0	-1
41	0	-1
42	0	-1
43	0	-1
44	0	-1
45	0	-1
46	0	-1
47	0	-1
48	0	-1
49	0	-1
50	0	-1
51	0	-1
52	0	-1
53	0	-1
54	0	-1
55	0	-1
56	0	-1
57	0	-1
58	0	-1
59	0	-1
60	0	-1
61	0	-1
62	0	-1
63	0	-1
64	0	-1
65	0	-1
66	0	-1
67	0	-1
68	0	-0.666666666666667
69	0	-0.333333333333333
70	0	0
71	0.333333333333333	0
72	0.666666666666667	0
73	1	0
74	1	0
75	1	0
76	1	0
77	1	0
78	1	0
79	1	0
80	1	0
81	1	0
82	1	0
83	1	0
84	1	0
85	1	0
86	1	0
87	1	0
88	1	0
89	1	0
90	1	0
91	1	0
92	1	0
93	1	0
94	1	0
95	1	0
96	1	0
97	1	0
98	1	0
99	1	0
100	1	0
101	1	0
102	1	0
103	1	0
104	1	0
105	1	0
106	1	0
107	1	0
108	1	0
109	1	0
110	1	0
111	1	0
112	1	0
113	1	0
114	1	0
115	1	0
116	1	0
117	0.666666666666667	0
118	0.666666666666667	0
119	0.333333333333333	0
120	0.333333333333333	0
121	0.666666666666667	0
122	0.666666666666667	0
123	1	0
124	1	0
125	1	0
126	1	0
127	1	0
128	1	0
129	1	0
130	1	0
131	1	0
132	1	0
133	1	0
134	1	0
135	0.833333333333333	0
136	0.5	0
137	0.333333333333333	0
138	0.333333333333333	0
139	0.333333333333333	0
140	0.666666666666667	0
141	0.666666666666667	0
142	0.666666666666667	0
143	1	0
144	1	0
145	1	0
146	1	0
147	1	0
148	1	0
149	1	0
150	1	0
151	1	0
152	1	0
153	1	0
154	1	0
155	1	0
156	1	0
157	1	0
158	1	0
159	1	0
160	1	0
161	1	0
162	1	0
163	1	0
164	1	0
165	1	0
166	1	0
167	1	0
168	1	0
169	1	0
170	1	0
171	1	0
172	1	0
173	1	0
174	1	0
175	1	0
176	1	0
177	1	0
178	1	0
179	1	0
180	1	0
181	1	0
182	1	0
183	1	0
184	1	0
185	1	0
186	1	0
187	1	0
188	1	0
189	1	0
190	1	0
191	1	0
192	1	0
193	1	0
194	1	0
195	1	0
196	1	0
197	1	0
198	1	0
199	1	0
200	1	0
201	1	0
202	0.666666666666667	0
203	0.333333333333333	0
204	0	0
205	0	-0.166666666666667
206	0	-0.333333333333333
207	0	-0.666666666666667
208	0	-1
209	0	-1
210	0	-1
211	0	-1
212	0	-1
213	0	-1
214	0	-0.666666666666667
215	0	-0.333333333333333
216	0	0
217	0.333333333333333	0
218	0.666666666666667	0
219	1	0
220	1	0
221	1	0
222	1	0
223	1	0
224	1	0
225	1	0
226	1	0
227	1	0
228	1	0
229	0.666666666666667	0
230	0.833333333333333	0
231	0.833333333333333	0
232	0.833333333333333	0
233	0.833333333333333	0
234	1	0
235	1	0
236	1	0
237	1	0
238	1	0
239	1	0
240	1	0
241	1	0
242	1	0
243	1	0
244	1	0
245	1	0
246	1	0
247	1	0
248	1	0
249	1	0
250	1	0
251	1	0
252	1	0
253	1	0
254	1	0
255	0.666666666666667	0
256	0.666666666666667	0
257	0.333333333333333	0
258	0	0
259	0	-0.333333333333333
260	0	-0.5
261	0	-0.666666666666667
262	0	-1
263	0	-1
264	0	-1
265	0	-1
266	0	-1
267	0	-1
268	0	-1
269	0	-0.666666666666667
270	0	-0.333333333333333
271	0	0
272	0.333333333333333	0
273	0.666666666666667	0
274	1	0
275	0.666666666666667	0
276	1	0
277	1	0
278	1	0
279	1	0
280	1	0
281	1	0
282	1	0
283	1	0
284	1	0
285	1	0
286	1	0
287	1	0
288	1	0
289	1	0
290	1	0
291	1	0
292	1	0
293	1	0
294	1	0
295	1	0
296	1	0
297	1	0
298	1	0
299	0.666666666666667	0
300	0.333333333333333	0
301	0	0
302	0	0
303	0	0
304	0	0
305	0.333333333333333	0
306	0.666666666666667	0
307	1	0
308	1	0
309	1	0
310	1	0
311	1	0
312	1	0
313	1	0
314	1	0
315	1	0
316	1	0
317	1	0
318	1	0
319	1	0
320	1	0
321	1	0
322	1	0
323	1	0
324	1	0
325	1	0
326	1	0
327	0.666666666666667	0
328	0.333333333333333	0
329	0	0
330	0	-0.333333333333333
331	0	-0.333333333333333
332	0	-0.666666666666667
333	0	-0.833333333333333
334	0	-1
335	0	-1
336	0	-0.666666666666667
337	0	-1
338	0	-1
339	0	-1
340	0	-1
341	0	-1
342	0	-1
343	0	-1
344	0	-1
345	0	-1
346	0	-1
347	0	-1
348	0	-1
349	0	-1
350	0	-1
351	0	-1
352	0	-1
353	0	-1
354	0	-1
355	0	-1
356	0	-1
357	0	-1
358	0	-1
359	0	-1
360	0	-1
361	0	-1
362	0	-1
363	0	-1
364	0	-1
365	0	-1
366	0	-1
367	0	-1
368	0	-1
369	0	-1
370	0	-1
371	0	-0.666666666666667
372	0	-0.333333333333333
373	0	-0.5
374	0	-0.5
375	0	-0.666666666666667
376	0	-0.666666666666667
377	0	-0.333333333333333
378	0	-0.333333333333333
379	0	-0.333333333333333
380	0	-0.5
381	0	-0.666666666666667
382	0	-1
383	0	-1
384	0	-1
385	0	-1
386	0	-1
387	0	-0.666666666666667
388	0	-0.666666666666667
389	0	-0.333333333333333
390	0	-0.333333333333333
391	0	0
392	0	-0.333333333333333
393	0	-0.166666666666667
394	0	0
395	0	0
396	0	0
397	0	0
398	0.333333333333333	0
399	0.333333333333333	0
400	0.666666666666667	0
401	0.666666666666667	0
402	1	0
403	1	0
404	0.666666666666667	0
405	0.5	0
406	0.5	0
407	0.666666666666667	0
408	0.333333333333333	0
409	0.333333333333333	0
410	0.333333333333333	0
411	0.5	0
412	0.666666666666667	0
413	0.666666666666667	0
414	1	0
415	1	0
416	1	0
417	1	0
418	1	0
419	1	0
420	1	0
421	1	0
422	1	0
423	1	0
424	1	0
425	1	0
426	1	0
427	0.666666666666667	0
428	0.333333333333333	0
429	0.166666666666667	0
430	0	-0.166666666666667
431	0	-0.333333333333333
432	0	-0.666666666666667
433	0	-1
434	0	-1
435	0	-1
436	0	-1
437	0	-1
438	0	-1
439	0	-0.666666666666667
440	0	-0.333333333333333
441	0	0
442	0.333333333333333	0
443	0.666666666666667	0
444	0.666666666666667	0
445	0.666666666666667	0
446	0.333333333333333	0
447	0.333333333333333	0
448	0	0
449	0.333333333333333	0
450	0.333333333333333	0
451	0.333333333333333	0
452	0.666666666666667	0
453	0.666666666666667	0
454	0.666666666666667	0
455	0.333333333333333	0
456	0.333333333333333	0
457	0	0
458	0	0
459	0	-0.333333333333333
460	0	-0.666666666666667
461	0	-1
462	0	-1
463	0	-1
464	0	-1
465	0	-1
466	0	-1
467	0	-1
468	0	-1
469	0	-1
470	0	-1
471	0	-0.833333333333333
472	0	-0.666666666666667
473	0	-0.5
474	0	-0.333333333333333
475	0	-0.166666666666667
476	0	0
