position	positive	negative
1	0	-0.166666666666667
2	0	-0.333333333333333
3	0	-0.5
4	0	-0.666666666666667
5	0	-0.833333333333333
6	0	-1
7	0	-1
8	0	-1
9	0	-1
10	0	-1
11	0	-1
12	0	-1
13	0	-1
14	0	-1
15	0	-1
16	0	-1
17	0	-1
18	0	-1
19	0	-1
20	0	-1
21	0	-1
22	0	-1
23	0	-1
24	0	-1
25	0	-1
26	0	-1
27	0	-1
28	0	-1
29	0	-1
30	0	-1
31	0	-1
32	0	-1
33	0	-1
34	0	-1
35	0	-1
36	0	-1
37	0	-1
38	0	-1
39	0	-1
40	0	-1
41	0	-1
42	0	-1
43	0	-1
44	0	-1
45	0	-1
46	0	-1
47	0	-1
48	0	-1
49	0	-1
50	0	-1
51	0	-1
52	0	-1
53	0	-1
54	0	-1
55	0	-1
56	0	-1
57	0	-1
58	0	-1
59	0	-1
60	0	-1
61	0	-1
62	0	-1
63	0	-1
64	0	-1
65	0	-1
66	0	-1
67	0	-1
68	0	-1
69	0	-1
70	0	-1
71	0	-1
72	0	-1
73	0	-1
74	0	-1
75	0	-1
76	0	-1
77	0	-1
78	0	-1
79	0	-1
80	0	-1
81	0	-1
82	0	-1
83	0	-1
84	0	-1
85	0	-1
86	0	-1
87	0	-1
88	0	-1
89	0	-1
90	0	-1
91	0	-1
92	0	-1
93	0	-1
94	0	-1
95	0	-1
96	0	-1
97	0	-1
98	0	-1
99	0	-1
100	0	-1
101	0	-1
102	0	-1
103	0	-1
104	0	-1
105	0	-1
106	0	-1
107	0	-1
108	0	-1
109	0	-1
110	0	-1
111	0	-1
112	0	-1
113	0	-1
114	0	-1
115	0	-1
116	0	-1
117	0	-1
118	0	-1
119	0	-1
120	0	-1
121	0	-1
122	0	-1
123	0	-1
124	0	-1
125	0	-1
126	0	-1
127	0	-1
128	0	-1
129	0	-1
130	0	-1
131	0	-1
132	0	-1
133	0	-1
134	0	-1
135	0	-1
136	0	-1
137	0	-1
138	0	-1
139	0	-1
140	0	-1
141	0	-1
142	0	-1
143	0	-1
144	0	-1
145	0	-1
146	0	-1
147	0	-1
148	0	-1
149	0	-1
150	0	-1
151	0	-1
152	0	-1
153	0	-1
154	0	-1
155	0	-1
156	0	-1
157	0	-1
158	0	-1
159	0	-1
160	0	-1
161	0	-1
162	0	-1
163	0	-1
164	0	-1
165	0	-1
166	0	-1
167	0	-1
168	0	-1
169	0	-1
170	0	-1
171	0	-1
172	0	-1
173	0	-1
174	0	-1
175	0	-1
176	0	-1
177	0	-1
178	0	-1
179	0	-1
180	0	-1
181	0	-1
182	0	-1
183	0	-1
184	0	-1
185	0	-1
186	0	-1
187	0	-1
188	0	-1
189	0	-1
190	0	-1
191	0	-1
192	0	-1
193	0	-1
194	0	-1
195	0	-1
196	0	-1
197	0	-1
198	0	-1
199	0	-1
200	0	-1
201	0	-1
202	0	-1
203	0	-1
204	0	-1
205	0	-1
206	0	-1
207	0	-1
208	0	-1
209	0	-1
210	0	-1
211	0	-1
212	0	-1
213	0	-1
214	0	-1
215	0	-1
216	0	-1
217	0	-1
218	0	-1
219	0	-1
220	0	-1
221	0	-1
222	0	-1
223	0	-1
224	0	-1
225	0	-1
226	0	-1
227	0	-1
228	0	-1
229	0	-1
230	0	-1
231	0	-1
232	0	-1
233	0	-1
234	0	-1
235	0	-1
236	0	-1
237	0	-1
238	0	-1
239	0	-1
240	0	-1
241	0	-1
242	0	-1
243	0	-1
244	0	-1
245	0	-1
246	0	-1
247	0	-1
248	0	-1
249	0	-1
250	0	-1
251	0	-1
252	0	-1
253	0	-1
254	0	-1
255	0	-1
256	0	-1
257	0	-1
258	0	-1
259	0	-1
260	0	-1
261	0	-1
262	0	-1
263	0	-1
264	0	-1
265	0	-1
266	0	-1
267	0	-1
268	0	-1
269	0	-1
270	0	-1
271	0	-1
272	0	-1
273	0	-1
274	0	-1
275	0	-1
276	0	-1
277	0	-1
278	0	-1
279	0	-1
280	0	-1
281	0	-1
282	0	-1
283	0	-1
284	0	-1
285	0	-1
286	0	-1
287	0	-1
288	0	-1
289	0	-1
290	0	-1
291	0	-1
292	0	-1
293	0	-1
294	0	-1
295	0	-1
296	0	-1
297	0	-1
298	0	-1
299	0	-1
300	0	-0.666666666666667
301	0	-0.333333333333333
302	0	0
303	0.333333333333333	0
304	0.666666666666667	0
305	1	0
306	1	0
307	1	0
308	1	0
309	1	0
310	0.833333333333333	0
311	0.5	0
312	0.166666666666667	0
313	0	0
314	0	0
315	0	-0.166666666666667
316	0	-0.333333333333333
317	0	-0.333333333333333
318	0	-0.333333333333333
319	0	-0.666666666666667
320	0	-1
321	0	-1
322	0	-1
323	0	-0.833333333333333
324	0	-0.666666666666667
325	0	-0.666666666666667
326	0	-0.333333333333333
327	0	0
328	0	0
329	0	-0.333333333333333
330	0	0
331	0	0
332	0	0
333	0.333333333333333	0
334	0.666666666666667	0
335	0.333333333333333	0
336	0	0
337	0	-0.333333333333333
338	0	-0.666666666666667
339	0	-1
340	0	-1
341	0	-0.666666666666667
342	0	-0.666666666666667
343	0	-0.666666666666667
344	0	-0.833333333333333
345	0	-0.5
346	0	-0.166666666666667
347	0.166666666666667	0
348	0.333333333333333	0
349	0.666666666666667	0
350	1	0
351	1	0
352	1	0
353	1	0
354	1	0
355	1	0
356	1	0
357	1	0
358	1	0
359	1	0
360	1	0
361	1	0
362	1	0
363	1	0
364	1	0
365	1	0
366	1	0
367	1	0
368	1	0
369	0.666666666666667	0
370	0.666666666666667	0
371	0.333333333333333	0
372	0	0
373	0	-0.333333333333333
374	0	-0.666666666666667
375	0	-0.833333333333333
376	0	-1
377	0	-1
378	0	-1
379	0	-1
380	0	-1
381	0	-1
382	0	-1
383	0	-1
384	0	-1
385	0	-1
386	0	-1
387	0	-1
388	0	-1
389	0	-1
390	0	-1
391	0	-1
392	0	-1
393	0	-1
394	0	-1
395	0	-1
396	0	-1
397	0	-1
398	0	-1
399	0	-1
400	0	-1
401	0	-1
402	0	-1
403	0	-1
404	0	-1
405	0	-1
406	0	-1
407	0	-1
408	0	-1
409	0	-1
410	0	-1
411	0	-1
412	0	-1
413	0	-1
414	0	-1
415	0	-1
416	0	-1
417	0	-1
418	0	-1
419	0	-0.666666666666667
420	0	-0.5
421	0	-0.166666666666667
422	0	0
423	0.333333333333333	0
424	0.666666666666667	0
425	0.833333333333333	0
426	1	0
427	1	0
428	1	0
429	1	0
430	1	0
431	1	0
432	1	0
433	1	0
434	0.833333333333333	0
435	0.5	0
436	0.333333333333333	0
437	0	0
438	0	-0.333333333333333
439	0	-0.666666666666667
440	0	-1
441	0	-1
442	0	-1
443	0	-1
444	0	-1
445	0	-1
446	0	-1
447	0	-1
448	0	-1
449	0	-1
450	0	-1
451	0	-1
452	0	-1
453	0	-1
454	0	-1
455	0	-1
456	0	-1
457	0	-1
458	0	-1
459	0	-1
460	0	-1
461	0	-1
462	0	-1
463	0	-1
464	0	-1
465	0	-1
466	0	-1
467	0	-1
468	0	-1
469	0	-1
470	0	-1
471	0	-1
472	0	-1
473	0	-1
474	0	-1
475	0	-1
476	0	-1
477	0	-1
478	0	-1
479	0	-1
480	0	-1
481	0	-1
482	0	-1
483	0	-1
484	0	-1
485	0	-1
486	0	-1
487	0	-1
488	0	-1
489	0	-1
490	0	-1
491	0	-1
492	0	-1
493	0	-0.666666666666667
494	0	-0.5
495	0	-0.166666666666667
496	0	0
497	0.333333333333333	0
498	0.333333333333333	0
499	0.333333333333333	0
500	0.333333333333333	0
501	0.333333333333333	0
502	0.333333333333333	0
503	0.333333333333333	0
504	0.666666666666667	0
505	0.666666666666667	0
506	0.666666666666667	0
507	1	0
508	1	0
509	1	0
510	1	0
511	1	0
512	1	0
513	1	0
514	1	0
515	1	0
516	1	0
517	1	0
518	1	0
519	0.666666666666667	0
520	0.333333333333333	0
521	0	0
522	0	-0.333333333333333
523	0	-0.666666666666667
524	0	-0.833333333333333
525	0	-1
526	0	-1
527	0	-1
528	0	-1
529	0	-0.666666666666667
530	0	-0.333333333333333
531	0	0
532	0.333333333333333	0
533	0.666666666666667	0
534	1	0
535	0.666666666666667	0
536	0.333333333333333	0
537	0	0
538	0	-0.333333333333333
539	0	-0.666666666666667
540	0	-1
541	0	-1
542	0	-1
543	0	-1
544	0	-1
545	0	-1
546	0	-1
547	0	-1
548	0	-1
549	0	-1
550	0	-1
551	0	-1
552	0	-1
553	0	-1
554	0	-1
555	0	-1
556	0	-1
557	0	-1
558	0	-1
559	0	-1
560	0	-1
561	0	-1
562	0	-1
563	0	-1
564	0	-0.666666666666667
565	0	-0.666666666666667
566	0	-0.333333333333333
567	0	0
568	0.333333333333333	0
569	0.666666666666667	0
570	1	0
571	1	0
572	1	0
573	1	0
574	1	0
575	1	0
576	1	0
577	1	0
578	0.666666666666667	0
579	1	0
580	1	0
581	1	0
582	1	0
583	1	0
584	1	0
585	1	0
586	1	0
587	1	0
588	1	0
589	1	0
590	1	0
591	0.666666666666667	0
592	0.333333333333333	0
593	0	0
594	0	-0.333333333333333
595	0	-0.666666666666667
596	0	-0.666666666666667
597	0	-0.666666666666667
598	0	-1
599	0	-1
600	0	-1
601	0	-1
602	0	-1
603	0	-1
604	0	-1
605	0	-1
606	0	-1
607	0	-1
608	0	-1
609	0	-1
610	0	-1
611	0	-1
612	0	-1
613	0	-1
614	0	-1
615	0	-1
616	0	-1
617	0	-1
618	0	-1
619	0	-0.833333333333333
620	0	-0.5
621	0	-0.333333333333333
622	0	-0.333333333333333
623	0	0
624	0.333333333333333	0
625	0.333333333333333	0
626	0.333333333333333	0
627	0	0
628	0	0
629	0	-0.333333333333333
630	0	-0.666666666666667
631	0	-0.666666666666667
632	0	-1
633	0	-1
634	0	-1
635	0	-1
636	0	-1
637	0	-1
638	0	-1
639	0	-1
640	0	-1
641	0	-1
642	0	-1
643	0	-1
644	0	-1
645	0	-1
646	0	-1
647	0	-1
648	0	-1
649	0	-1
650	0	-1
651	0	-1
652	0	-1
653	0	-1
654	0	-1
655	0	-1
656	0	-1
657	0	-1
658	0	-1
659	0	-1
660	0	-1
661	0	-0.666666666666667
662	0	-0.333333333333333
663	0	0
664	0.333333333333333	0
665	0.666666666666667	0
666	1	0
667	0.666666666666667	0
668	0.333333333333333	0
669	0	0
670	0	-0.333333333333333
671	0	-0.666666666666667
672	0	-1
673	0	-1
674	0	-1
675	0	-1
676	0	-1
677	0	-0.666666666666667
678	0	-0.333333333333333
679	0	0
680	0.333333333333333	0
681	0.666666666666667	0
682	1	0
683	1	0
684	0.666666666666667	0
685	0.333333333333333	0
686	0	0
687	0	0
688	0	0
689	0	0
690	0.333333333333333	0
691	0.666666666666667	0
692	1	0
693	0.666666666666667	0
694	0.333333333333333	0
695	0	0
696	0	-0.333333333333333
697	0	-0.666666666666667
698	0	-1
699	0	-1
700	0	-1
701	0	-1
702	0	-1
703	0	-0.833333333333333
704	0	-0.5
705	0	-0.333333333333333
706	0	-0.166666666666667
707	0	-0.166666666666667
708	0	-0.166666666666667
709	0	-0.333333333333333
710	0	-0.666666666666667
711	0	-0.666666666666667
712	0	-0.666666666666667
713	0	-0.666666666666667
714	0	-0.666666666666667
715	0	-0.5
716	0	-0.333333333333333
717	0	-0.333333333333333
718	0	-0.166666666666667
719	0	-0.166666666666667
720	0	0
721	0.333333333333333	0
722	0.666666666666667	0
723	1	0
724	0.666666666666667	0
725	0.333333333333333	0
726	0	0
727	0	-0.166666666666667
728	0	-0.333333333333333
729	0	-0.5
730	0	-0.333333333333333
731	0	-0.166666666666667
732	0	0
