position	positive	negative
1	0	-0.166666666666667
2	0	-0.333333333333333
3	0	-0.5
4	0	-0.666666666666667
5	0	-0.833333333333333
6	0	-1
7	0	-1
8	0	-1
9	0	-1
10	0	-1
11	0	-1
12	0	-1
13	0	-1
14	0	-1
15	0	-1
16	0	-1
17	0	-1
18	0	-1
19	0	-1
20	0	-1
21	0	-1
22	0	-1
23	0	-1
24	0	-1
25	0	-1
26	0	-1
27	0	-1
28	0	-1
29	0	-1
30	0	-1
31	0	-1
32	0	-1
33	0	-1
34	0	-1
35	0	-1
36	0	-1
37	0	-1
38	0	-1
39	0	-1
40	0	-1
41	0	-1
42	0	-1
43	0	-1
44	0	-1
45	0	-1
46	0	-1
47	0	-1
48	0	-1
49	0	-1
50	0	-1
51	0	-1
52	0	-1
53	0	-1
54	0	-1
55	0	-1
56	0	-1
57	0	-1
58	0	-1
59	0	-1
60	0	-1
61	0	-1
62	0	-1
63	0	-1
64	0	-1
65	0	-1
66	0	-1
67	0	-1
68	0	-1
69	0	-1
70	0	-1
71	0	-1
72	0	-1
73	0	-1
74	0	-1
75	0	-1
76	0	-1
77	0	-1
78	0	-1
79	0	-1
80	0	-1
81	0	-1
82	0	-1
83	0	-1
84	0	-1
85	0	-1
86	0	-1
87	0	-1
88	0	-1
89	0	-1
90	0	-1
91	0	-1
92	0	-1
93	0	-1
94	0	-1
95	0	-1
96	0	-1
97	0	-1
98	0	-1
99	0	-1
100	0	-1
101	0	-1
102	0	-1
103	0	-1
104	0	-1
105	0	-1
106	0	-1
107	0	-1
108	0	-1
109	0	-1
110	0	-1
111	0	-1
112	0	-1
113	0	-1
114	0	-1
115	0	-1
116	0	-1
117	0	-1
118	0	-1
119	0	-1
120	0	-1
121	0	-1
122	0	-1
123	0	-1
124	0	-1
125	0	-1
126	0	-1
127	0	-1
128	0	-1
129	0	-1
130	0	-1
131	0	-1
132	0	-1
133	0	-1
134	0	-1
135	0	-1
136	0	-1
137	0	-1
138	0	-1
139	0	-1
140	0	-1
141	0	-1
142	0	-1
143	0	-1
144	0	-1
145	0	-1
146	0	-1
147	0	-1
148	0	-1
149	0	-1
150	0	-1
151	0	-1
152	0	-1
153	0	-1
154	0	-1
155	0	-1
156	0	-1
157	0	-1
158	0	-1
159	0	-1
160	0	-1
161	0	-1
162	0	-1
163	0	-1
164	0	-0.666666666666667
165	0	-0.333333333333333
166	0	0
167	0.333333333333333	0
168	0.666666666666667	0
169	0.833333333333333	0
170	1	0
171	1	0
172	1	0
173	1	0
174	1	0
175	1	0
176	1	0
177	1	0
178	1	0
179	1	0
180	1	0
181	1	0
182	1	0
183	1	0
184	1	0
185	1	0
186	1	0
187	1	0
188	1	0
189	1	0
190	1	0
191	1	0
192	1	0
193	1	0
194	0.833333333333333	0
195	0.833333333333333	0
196	0.833333333333333	0
197	1	0
198	1	0
199	1	0
200	1	0
201	0.666666666666667	0
202	0.666666666666667	0
203	0.666666666666667	0
204	0.833333333333333	0
205	1	0
206	1	0
207	1	0
208	1	0
209	1	0
210	1	0
211	1	0
212	1	0
213	1	0
214	1	0
215	1	0
216	1	0
217	1	0
218	1	0
219	1	0
220	1	0
221	1	0
222	1	0
223	1	0
224	1	0
225	1	0
226	1	0
227	1	0
228	1	0
229	1	0
230	1	0
231	1	0
232	1	0
233	1	0
234	1	0
235	1	0
236	1	0
237	1	0
238	1	0
239	1	0
240	1	0
241	1	0
242	1	0
243	1	0
244	1	0
245	1	0
246	0.666666666666667	0
247	0.666666666666667	0
248	0.666666666666667	0
249	0.333333333333333	0
250	0.333333333333333	0
251	0.333333333333333	0
252	0.333333333333333	0
253	0.333333333333333	0
254	0.5	0
255	0.5	0
256	0.333333333333333	0
257	0.333333333333333	0
258	0.333333333333333	0
259	0.333333333333333	0
260	0	0
261	0.166666666666667	0
262	0.333333333333333	0
263	0.666666666666667	0
264	0.666666666666667	0
265	0.666666666666667	0
266	1	0
267	1	0
268	1	0
269	1	0
270	1	0
271	1	0
272	0.666666666666667	0
273	0.666666666666667	0
274	0.666666666666667	0
275	0.833333333333333	0
276	0.666666666666667	0
277	0.833333333333333	0
278	1	0
279	0.666666666666667	0
280	0.666666666666667	0
281	0.666666666666667	0
282	0.666666666666667	0
283	0.666666666666667	0
284	0.666666666666667	0
285	0.833333333333333	0
286	1	0
287	1	0
288	1	0
289	1	0
290	1	0
291	1	0
292	1	0
293	1	0
294	1	0
295	1	0
296	1	0
297	1	0
298	1	0
299	1	0
300	1	0
301	1	0
302	1	0
303	1	0
304	1	0
305	1	0
306	1	0
307	1	0
308	1	0
309	1	0
310	1	0
311	1	0
312	1	0
313	1	0
314	1	0
315	1	0
316	1	0
317	0.666666666666667	0
318	0.666666666666667	0
319	0.333333333333333	0
320	0.333333333333333	0
321	0	0
322	0	0
323	0	0
324	0	-0.333333333333333
325	0	-0.666666666666667
326	0	-0.333333333333333
327	0	-0.333333333333333
328	0	-0.333333333333333
329	0	-0.666666666666667
330	0	-0.833333333333333
331	0	-1
332	0	-1
333	0	-1
334	0	-1
335	0	-1
336	0	-1
337	0	-1
338	0	-1
339	0	-1
340	0	-1
341	0	-1
342	0	-1
343	0	-1
344	0	-1
345	0	-1
346	0	-1
347	0	-1
348	0	-1
349	0	-1
350	0	-1
351	0	-1
352	0	-1
353	0	-1
354	0	-1
355	0	-1
356	0	-1
357	0	-1
358	0	-1
359	0	-1
360	0	-1
361	0	-1
362	0	-1
363	0	-1
364	0	-1
365	0	-1
366	0	-1
367	0	-1
368	0	-1
369	0	-1
370	0	-1
371	0	-1
372	0	-1
373	0	-1
374	0	-1
375	0	-1
376	0	-1
377	0	-1
378	0	-0.666666666666667
379	0	-0.333333333333333
380	0	0
381	0.333333333333333	0
382	0.666666666666667	0
383	1	0
384	1	0
385	1	0
386	1	0
387	1	0
388	1	0
389	1	0
390	1	0
391	1	0
392	1	0
393	1	0
394	1	0
395	1	0
396	1	0
397	1	0
398	1	0
399	1	0
400	1	0
401	1	0
402	1	0
403	1	0
404	1	0
405	1	0
406	1	0
407	1	0
408	1	0
409	1	0
410	1	0
411	1	0
412	1	0
413	1	0
414	1	0
415	1	0
416	1	0
417	0.666666666666667	0
418	0.666666666666667	0
419	0.666666666666667	0
420	0.333333333333333	0
421	0	0
422	0	0
423	0	0
424	0	0
425	0	-0.333333333333333
426	0	-0.333333333333333
427	0	-0.666666666666667
428	0	-0.666666666666667
429	0	-0.666666666666667
430	0	-0.666666666666667
431	0	-0.666666666666667
432	0	-0.666666666666667
433	0	-0.666666666666667
434	0	-0.666666666666667
435	0	-0.666666666666667
436	0	-1
437	0	-1
438	0	-1
439	0	-1
440	0	-1
441	0	-1
442	0	-1
443	0	-1
444	0	-1
445	0	-1
446	0	-1
447	0	-1
448	0	-1
449	0	-1
450	0	-1
451	0	-1
452	0	-1
453	0	-1
454	0	-1
455	0	-1
456	0	-1
457	0	-1
458	0	-1
459	0	-0.666666666666667
460	0	-0.333333333333333
461	0	-0.333333333333333
462	0	0
463	0.166666666666667	0
464	0.333333333333333	0
465	0.333333333333333	0
466	0.333333333333333	0
467	0	0
468	0	-0.333333333333333
469	0	-0.333333333333333
470	0	-0.333333333333333
471	0	-0.166666666666667
472	0	0
473	0.333333333333333	0
474	0.666666666666667	0
475	0.666666666666667	0
476	0.333333333333333	0
477	0	0
478	0	-0.333333333333333
479	0	-0.333333333333333
480	0	-0.333333333333333
481	0	-0.333333333333333
482	0	0
483	0	0
484	0.166666666666667	0
485	0	0
486	0	0
487	0	0
488	0	-0.333333333333333
489	0	-0.333333333333333
490	0	-0.166666666666667
491	0	0
492	0	0
493	0	0
494	0	0
495	0	0
496	0	0
497	0	0
498	0.333333333333333	0
499	0.666666666666667	0
500	1	0
501	0.666666666666667	0
502	0.666666666666667	0
503	1	0
504	1	0
505	0.666666666666667	0
506	0.666666666666667	0
507	1	0
508	1	0
509	1	0
510	1	0
511	1	0
512	1	0
513	1	0
514	0.833333333333333	0
515	0.666666666666667	0
516	0.333333333333333	0
517	0.333333333333333	0
518	0.333333333333333	0
519	0.333333333333333	0
520	0.333333333333333	0
521	0	0
522	0	0
523	0	-0.333333333333333
524	0	-0.666666666666667
525	0	-1
526	0	-1
527	0	-1
528	0	-1
529	0	-1
530	0	-1
531	0	-1
532	0	-1
533	0	-1
534	0	-1
535	0	-1
536	0	-1
537	0	-1
538	0	-1
539	0	-1
540	0	-1
541	0	-1
542	0	-1
543	0	-1
544	0	-1
545	0	-1
546	0	-1
547	0	-1
548	0	-1
549	0	-1
550	0	-1
551	0	-1
552	0	-0.833333333333333
553	0	-0.666666666666667
554	0	-0.5
555	0	-0.333333333333333
556	0	-0.166666666666667
557	0	0
