position	positive	negative
1	0	-0.166666666666667
2	0	-0.333333333333333
3	0	-0.5
4	0	-0.666666666666667
5	0	-0.833333333333333
6	0	-1
7	0	-1
8	0	-1
9	0	-1
10	0	-1
11	0	-1
12	0	-1
13	0	-1
14	0	-1
15	0	-1
16	0	-1
17	0	-1
18	0	-1
19	0	-1
20	0	-1
21	0	-1
22	0	-1
23	0	-1
24	0	-1
25	0	-1
26	0	-1
27	0	-1
28	0	-1
29	0	-1
30	0	-1
31	0	-0.833333333333333
32	0	-0.833333333333333
33	0	-0.5
34	0	-0.166666666666667
35	0.166666666666667	0
36	0.5	0
37	0.666666666666667	0
38	0.666666666666667	0
39	0.666666666666667	0
40	0.333333333333333	0
41	0.333333333333333	0
42	0.5	0
43	0.166666666666667	0
44	0	-0.166666666666667
45	0	-0.333333333333333
46	0	-0.5
47	0	-0.833333333333333
48	0	-1
49	0	-1
50	0	-1
51	0	-1
52	0	-1
53	0	-0.666666666666667
54	0	-1
55	0	-1
56	0	-1
57	0	-1
58	0	-1
59	0	-1
60	0	-1
61	0	-1
62	0	-1
63	0	-0.666666666666667
64	0	-0.5
65	0	-0.333333333333333
66	0	-0.166666666666667
67	0	-0.333333333333333
68	0	-0.166666666666667
69	0	0
70	0.333333333333333	0
71	0.333333333333333	0
72	0.333333333333333	0
73	0.666666666666667	0
74	0.666666666666667	0
75	0.666666666666667	0
76	0.666666666666667	0
77	0.833333333333333	0
78	0.666666666666667	0
79	0.333333333333333	0
80	0.666666666666667	0
81	1	0
82	1	0
83	1	0
84	1	0
85	0.833333333333333	0
86	0.666666666666667	0
87	1	0
88	0.666666666666667	0
89	0.333333333333333	0
90	0	0
91	0	-0.333333333333333
92	0	-0.666666666666667
93	0	-1
94	0	-1
95	0	-1
96	0	-1
97	0	-1
98	0	-1
99	0	-1
100	0	-1
101	0	-1
102	0	-1
103	0	-1
104	0	-0.666666666666667
105	0	-0.333333333333333
106	0	0
107	0.333333333333333	0
108	0.666666666666667	0
109	1	0
110	1	0
111	0.666666666666667	0
112	0.666666666666667	0
113	0.333333333333333	0
114	0.166666666666667	0
115	0	0
116	0	0
117	0.333333333333333	0
118	0.333333333333333	0
119	0.666666666666667	0
120	1	0
121	1	0
122	1	0
123	1	0
124	1	0
125	1	0
126	1	0
127	1	0
128	1	0
129	1	0
130	1	0
131	1	0
132	1	0
133	1	0
134	1	0
135	1	0
136	1	0
137	1	0
138	1	0
139	0.833333333333333	0
140	0.666666666666667	0
141	0.666666666666667	0
142	0.666666666666667	0
143	1	0
144	1	0
145	1	0
146	1	0
147	1	0
148	1	0
149	1	0
150	1	0
151	1	0
152	1	0
153	1	0
154	0.666666666666667	0
155	0.333333333333333	0
156	0	0
157	0	-0.333333333333333
158	0	-0.666666666666667
159	0	-0.833333333333333
160	0	-0.666666666666667
161	0	-0.333333333333333
162	0	0
163	0.333333333333333	0
164	0.666666666666667	0
165	1	0
166	1	0
167	1	0
168	1	0
169	1	0
170	1	0
171	1	0
172	1	0
173	1	0
174	1	0
175	1	0
176	1	0
177	0.666666666666667	0
178	0.666666666666667	0
179	0.666666666666667	0
180	0.666666666666667	0
181	0.666666666666667	0
182	0.666666666666667	0
183	1	0
184	1	0
185	1	0
186	1	0
187	1	0
188	1	0
189	0.666666666666667	0
190	0.333333333333333	0
191	0.666666666666667	0
192	0.666666666666667	0
193	0.666666666666667	0
194	0.666666666666667	0
195	1	0
196	1	0
197	1	0
198	1	0
199	1	0
200	1	0
201	1	0
202	1	0
203	1	0
204	1	0
205	1	0
206	1	0
207	1	0
208	1	0
209	1	0
210	1	0
211	1	0
212	1	0
213	1	0
214	1	0
215	1	0
216	1	0
217	1	0
218	1	0
219	1	0
220	1	0
221	1	0
222	1	0
223	1	0
224	1	0
225	1	0
226	1	0
227	1	0
228	1	0
229	1	0
230	1	0
231	0.666666666666667	0
232	0.666666666666667	0
233	0.666666666666667	0
234	1	0
235	1	0
236	1	0
237	1	0
238	1	0
239	1	0
240	1	0
241	1	0
242	1	0
243	1	0
244	1	0
245	1	0
246	1	0
247	1	0
248	1	0
249	1	0
250	1	0
251	1	0
252	1	0
253	1	0
254	1	0
255	1	0
256	1	0
257	1	0
258	1	0
259	1	0
260	1	0
261	1	0
262	1	0
263	1	0
264	1	0
265	1	0
266	1	0
267	1	0
268	1	0
269	1	0
270	1	0
271	1	0
272	1	0
273	1	0
274	1	0
275	1	0
276	1	0
277	1	0
278	1	0
279	1	0
280	1	0
281	1	0
282	1	0
283	1	0
284	1	0
285	1	0
286	1	0
287	1	0
288	1	0
289	1	0
290	1	0
291	1	0
292	1	0
293	1	0
294	1	0
295	1	0
296	1	0
297	1	0
298	1	0
299	1	0
300	1	0
301	1	0
302	1	0
303	1	0
304	1	0
305	1	0
306	1	0
307	1	0
308	1	0
309	1	0
310	1	0
311	1	0
312	1	0
313	1	0
314	1	0
315	1	0
316	1	0
317	1	0
318	1	0
319	1	0
320	1	0
321	1	0
322	0.666666666666667	0
323	0.333333333333333	0
324	0	0
325	0	-0.333333333333333
326	0	-0.666666666666667
327	0	-0.666666666666667
328	0	-1
329	0	-1
330	0	-1
331	0	-1
332	0	-1
333	0	-1
334	0	-0.833333333333333
335	0	-0.5
336	0	-0.166666666666667
337	0.166666666666667	0
338	0.5	0
339	0.666666666666667	0
340	1	0
341	1	0
342	1	0
343	1	0
344	1	0
345	1	0
346	1	0
347	1	0
348	1	0
349	1	0
350	1	0
351	1	0
352	1	0
353	1	0
354	1	0
355	1	0
356	1	0
357	1	0
358	1	0
359	1	0
360	1	0
361	1	0
362	1	0
363	1	0
364	1	0
365	1	0
366	1	0
367	1	0
368	1	0
369	1	0
370	1	0
371	1	0
372	1	0
373	1	0
374	1	0
375	1	0
376	1	0
377	1	0
378	1	0
379	1	0
380	1	0
381	1	0
382	1	0
383	1	0
384	1	0
385	1	0
386	1	0
387	1	0
388	1	0
389	1	0
390	1	0
391	0.666666666666667	0
392	0.666666666666667	0
393	1	0
394	1	0
395	1	0
396	1	0
397	1	0
398	1	0
399	1	0
400	1	0
401	1	0
402	1	0
403	1	0
404	1	0
405	1	0
406	0.666666666666667	0
407	0.333333333333333	0
408	0	0
409	0	-0.166666666666667
410	0	-0.333333333333333
411	0	-0.666666666666667
412	0	-1
413	0	-1
414	0	-1
415	0	-1
416	0	-1
417	0	-1
418	0	-1
419	0	-1
420	0	-1
421	0	-1
422	0	-1
423	0	-1
424	0	-1
425	0	-1
426	0	-1
427	0	-1
428	0	-1
429	0	-1
430	0	-1
431	0	-1
432	0	-1
433	0	-1
434	0	-1
435	0	-1
436	0	-1
437	0	-1
438	0	-1
439	0	-1
440	0	-1
441	0	-1
442	0	-1
443	0	-0.666666666666667
444	0	-0.666666666666667
445	0	-0.333333333333333
446	0	-0.333333333333333
447	0	-0.333333333333333
448	0	-0.333333333333333
449	0	-0.333333333333333
450	0	-0.333333333333333
451	0	-0.333333333333333
452	0	-0.666666666666667
453	0	-1
454	0	-1
455	0	-1
456	0	-1
457	0	-1
458	0	-1
459	0	-1
460	0	-1
461	0	-1
462	0	-1
463	0	-1
464	0	-1
465	0	-1
466	0	-1
467	0	-1
468	0	-1
469	0	-1
470	0	-1
471	0	-1
472	0	-1
473	0	-1
474	0	-1
475	0	-1
476	0	-1
477	0	-1
478	0	-1
479	0	-1
480	0	-1
481	0	-1
482	0	-1
483	0	-1
484	0	-1
485	0	-1
486	0	-1
487	0	-1
488	0	-0.666666666666667
489	0	-0.333333333333333
490	0	-0.333333333333333
491	0	-0.333333333333333
492	0	-0.333333333333333
493	0	-0.333333333333333
494	0	-0.666666666666667
495	0	-0.666666666666667
496	0	-0.666666666666667
497	0	-1
498	0	-1
499	0	-0.666666666666667
500	0	-0.666666666666667
501	0	-0.666666666666667
502	0	-0.666666666666667
503	0	-1
504	0	-1
505	0	-1
506	0	-1
507	0	-1
508	0	-1
509	0	-1
510	0	-1
511	0	-1
512	0	-1
513	0	-1
514	0	-1
515	0	-1
516	0	-1
517	0	-1
518	0	-1
519	0	-1
520	0	-1
521	0	-1
522	0	-1
523	0	-1
524	0	-1
525	0	-1
526	0	-1
527	0	-1
528	0	-1
529	0	-1
530	0	-1
531	0	-1
532	0	-1
533	0	-1
534	0	-1
535	0	-1
536	0	-1
537	0	-1
538	0	-1
539	0	-1
540	0	-1
541	0	-1
542	0	-1
543	0	-1
544	0	-1
545	0	-1
546	0	-1
547	0	-1
548	0	-1
549	0	-1
550	0	-1
551	0	-1
552	0	-1
553	0	-1
554	0	-1
555	0	-1
556	0	-1
557	0	-1
558	0	-1
559	0	-1
560	0	-1
561	0	-1
562	0	-1
563	0	-1
564	0	-1
565	0	-1
566	0	-1
567	0	-1
568	0	-1
569	0	-1
570	0	-1
571	0	-1
572	0	-1
573	0	-1
574	0	-1
575	0	-1
576	0	-1
577	0	-1
578	0	-1
579	0	-1
580	0	-1
581	0	-1
582	0	-1
583	0	-1
584	0	-1
585	0	-1
586	0	-1
587	0	-1
588	0	-1
589	0	-1
590	0	-1
591	0	-1
592	0	-1
593	0	-1
594	0	-1
595	0	-1
596	0	-1
597	0	-1
598	0	-1
599	0	-1
600	0	-1
601	0	-1
602	0	-1
603	0	-1
604	0	-1
605	0	-1
606	0	-1
607	0	-1
608	0	-1
609	0	-1
610	0	-1
611	0	-1
612	0	-1
613	0	-1
614	0	-1
615	0	-1
616	0	-1
617	0	-1
618	0	-1
619	0	-1
620	0	-1
621	0	-1
622	0	-1
623	0	-1
624	0	-1
625	0	-1
626	0	-1
627	0	-1
628	0	-1
629	0	-1
630	0	-1
631	0	-1
632	0	-1
633	0	-1
634	0	-1
635	0	-1
636	0	-1
637	0	-1
638	0	-1
639	0	-1
640	0	-1
641	0	-1
642	0	-1
643	0	-1
644	0	-1
645	0	-1
646	0	-1
647	0	-1
648	0	-1
649	0	-1
650	0	-1
651	0	-1
652	0	-1
653	0	-1
654	0	-1
655	0	-1
656	0	-1
657	0	-1
658	0	-1
659	0	-1
660	0	-1
661	0	-1
662	0	-1
663	0	-1
664	0	-1
665	0	-1
666	0	-1
667	0	-1
668	0	-1
669	0	-1
670	0	-1
671	0	-1
672	0	-1
673	0	-1
674	0	-1
675	0	-1
676	0	-1
677	0	-1
678	0	-1
679	0	-1
680	0	-1
681	0	-1
682	0	-1
683	0	-1
684	0	-1
685	0	-1
686	0	-1
687	0	-1
688	0	-1
689	0	-1
690	0	-1
691	0	-1
692	0	-1
693	0	-1
694	0	-1
695	0	-1
696	0	-1
697	0	-1
698	0	-1
699	0	-1
700	0	-1
701	0	-1
702	0	-1
703	0	-1
704	0	-1
705	0	-1
706	0	-1
707	0	-1
708	0	-1
709	0	-1
710	0	-1
711	0	-0.833333333333333
712	0	-0.666666666666667
713	0	-0.5
714	0	-0.333333333333333
715	0	-0.166666666666667
716	0	0
