position	positive	negative
1	0	-0.166666666666667
2	0	-0.333333333333333
3	0	-0.5
4	0	-0.666666666666667
5	0	-0.833333333333333
6	0	-1
7	0	-1
8	0	-1
9	0	-1
10	0	-1
11	0	-1
12	0	-1
13	0	-1
14	0	-1
15	0	-1
16	0	-1
17	0	-1
18	0	-1
19	0	-1
20	0	-1
21	0	-1
22	0	-1
23	0	-1
24	0	-1
25	0	-1
26	0	-1
27	0	-1
28	0	-1
29	0	-1
30	0	-1
31	0	-1
32	0	-1
33	0	-1
34	0	-1
35	0	-1
36	0	-1
37	0	-1
38	0	-1
39	0	-1
40	0	-1
41	0	-1
42	0	-1
43	0	-1
44	0	-1
45	0	-1
46	0	-1
47	0	-1
48	0	-1
49	0	-1
50	0	-1
51	0	-1
52	0	-1
53	0	-1
54	0	-1
55	0	-1
56	0	-1
57	0	-1
58	0	-1
59	0	-1
60	0	-1
61	0	-1
62	0	-1
63	0	-1
64	0	-1
65	0	-1
66	0	-1
67	0	-1
68	0	-1
69	0	-1
70	0	-1
71	0	-1
72	0	-1
73	0	-1
74	0	-1
75	0	-1
76	0	-1
77	0	-1
78	0	-1
79	0	-1
80	0	-1
81	0	-1
82	0	-1
83	0	-1
84	0	-1
85	0	-1
86	0	-1
87	0	-1
88	0	-1
89	0	-1
90	0	-1
91	0	-1
92	0	-1
93	0	-1
94	0	-1
95	0	-1
96	0	-1
97	0	-1
98	0	-1
99	0	-1
100	0	-1
101	0	-1
102	0	-1
103	0	-1
104	0	-1
105	0	-1
106	0	-1
107	0	-1
108	0	-1
109	0	-1
110	0	-1
111	0	-1
112	0	-1
113	0	-1
114	0	-1
115	0	-1
116	0	-1
117	0	-1
118	0	-1
119	0	-1
120	0	-1
121	0	-1
122	0	-1
123	0	-1
124	0	-1
125	0	-1
126	0	-1
127	0	-1
128	0	-1
129	0	-1
130	0	-1
131	0	-1
132	0	-1
133	0	-1
134	0	-1
135	0	-1
136	0	-1
137	0	-1
138	0	-1
139	0	-1
140	0	-1
141	0	-1
142	0	-1
143	0	-1
144	0	-0.666666666666667
145	0	-0.333333333333333
146	0	0
147	0.333333333333333	0
148	0.666666666666667	0
149	1	0
150	1	0
151	1	0
152	1	0
153	1	0
154	1	0
155	1	0
156	1	0
157	1	0
158	1	0
159	1	0
160	1	0
161	1	0
162	1	0
163	1	0
164	1	0
165	1	0
166	1	0
167	1	0
168	1	0
169	1	0
170	1	0
171	1	0
172	1	0
173	1	0
174	1	0
175	1	0
176	1	0
177	1	0
178	1	0
179	1	0
180	1	0
181	1	0
182	1	0
183	1	0
184	1	0
185	1	0
186	1	0
187	1	0
188	1	0
189	1	0
190	1	0
191	1	0
192	1	0
193	1	0
194	1	0
195	1	0
196	1	0
197	1	0
198	1	0
199	0.666666666666667	0
200	0.333333333333333	0
201	0	0
202	0	-0.333333333333333
203	0	-0.666666666666667
204	0	-1
205	0	-1
206	0	-1
207	0	-1
208	0	-1
209	0	-1
210	0	-1
211	0	-1
212	0	-1
213	0	-1
214	0	-1
215	0	-1
216	0	-1
217	0	-1
218	0	-1
219	0	-1
220	0	-1
221	0	-1
222	0	-1
223	0	-1
224	0	-1
225	0	-1
226	0	-1
227	0	-1
228	0	-1
229	0	-1
230	0	-1
231	0	-1
232	0	-0.666666666666667
233	0	-0.666666666666667
234	0	-0.833333333333333
235	0	-0.833333333333333
236	0	-0.666666666666667
237	0	-0.333333333333333
238	0	-0.333333333333333
239	0	-0.333333333333333
240	0	0
241	0	-0.166666666666667
242	0	0
243	0	-0.333333333333333
244	0	-0.333333333333333
245	0	-0.666666666666667
246	0	-0.666666666666667
247	0	-0.666666666666667
248	0	-0.5
249	0	-0.5
250	0	-0.666666666666667
251	0	-0.666666666666667
252	0	-0.666666666666667
253	0	-0.666666666666667
254	0	-0.666666666666667
255	0	-0.333333333333333
256	0	-0.333333333333333
257	0	0
258	0.333333333333333	0
259	0.666666666666667	0
260	0.666666666666667	0
261	1	0
262	1	0
263	1	0
264	1	0
265	1	0
266	1	0
267	1	0
268	1	0
269	1	0
270	1	0
271	1	0
272	1	0
273	1	0
274	0.666666666666667	0
275	0.666666666666667	0
276	0.666666666666667	0
277	0.666666666666667	0
278	0.666666666666667	0
279	0.666666666666667	0
280	1	0
281	1	0
282	1	0
283	1	0
284	1	0
285	1	0
286	1	0
287	1	0
288	1	0
289	1	0
290	1	0
291	1	0
292	0.666666666666667	0
293	0.666666666666667	0
294	0.333333333333333	0
295	0.333333333333333	0
296	0.333333333333333	0
297	0.333333333333333	0
298	0.666666666666667	0
299	0.666666666666667	0
300	1	0
301	1	0
302	1	0
303	1	0
304	1	0
305	1	0
306	0.666666666666667	0
307	0.333333333333333	0
308	0	0
309	0	-0.333333333333333
310	0	-0.666666666666667
311	0	-1
312	0	-1
313	0	-1
314	0	-1
315	0	-1
316	0	-1
317	0	-1
318	0	-1
319	0	-1
320	0	-1
321	0	-1
322	0	-1
323	0	-1
324	0	-1
325	0	-1
326	0	-1
327	0	-1
328	0	-1
329	0	-1
330	0	-1
331	0	-1
332	0	-1
333	0	-1
334	0	-1
335	0	-1
336	0	-1
337	0	-1
338	0	-1
339	0	-0.666666666666667
340	0	-0.666666666666667
341	0	-0.333333333333333
342	0	-0.166666666666667
343	0	-0.166666666666667
344	0	0
345	0.333333333333333	0
346	0.666666666666667	0
347	1	0
348	1	0
349	1	0
350	1	0
351	1	0
352	1	0
353	1	0
354	1	0
355	0.666666666666667	0
356	0.666666666666667	0
357	0.666666666666667	0
358	0.666666666666667	0
359	0.666666666666667	0
360	0.666666666666667	0
361	1	0
362	0.666666666666667	0
363	0.333333333333333	0
364	0	0
365	0	-0.333333333333333
366	0	-0.666666666666667
367	0	-1
368	0	-1
369	0	-1
370	0	-1
371	0	-1
372	0	-1
373	0	-1
374	0	-1
375	0	-1
376	0	-1
377	0	-1
378	0	-0.833333333333333
379	0	-0.666666666666667
380	0	-0.5
381	0	-0.333333333333333
382	0	-0.166666666666667
383	0	0
