position	positive	negative
1	0	-0.166666666666667
2	0	-0.333333333333333
3	0	-0.5
4	0	-0.666666666666667
5	0	-0.833333333333333
6	0	-1
7	0	-1
8	0	-1
9	0	-1
10	0	-1
11	0	-1
12	0	-1
13	0	-1
14	0	-1
15	0	-1
16	0	-1
17	0	-1
18	0	-1
19	0	-1
20	0	-1
21	0	-1
22	0	-1
23	0	-1
24	0	-1
25	0	-1
26	0	-1
27	0	-1
28	0	-1
29	0	-1
30	0	-1
31	0	-1
32	0	-1
33	0	-1
34	0	-1
35	0	-1
36	0	-1
37	0	-1
38	0	-1
39	0	-1
40	0	-1
41	0	-1
42	0	-1
43	0	-1
44	0	-1
45	0	-1
46	0	-1
47	0	-1
48	0	-1
49	0	-1
50	0	-1
51	0	-1
52	0	-1
53	0	-1
54	0	-1
55	0	-1
56	0	-1
57	0	-1
58	0	-1
59	0	-1
60	0	-1
61	0	-1
62	0	-1
63	0	-1
64	0	-1
65	0	-1
66	0	-1
67	0	-1
68	0	-1
69	0	-1
70	0	-1
71	0	-1
72	0	-1
73	0	-1
74	0	-1
75	0	-1
76	0	-1
77	0	-1
78	0	-1
79	0	-1
80	0	-1
81	0	-1
82	0	-1
83	0	-1
84	0	-1
85	0	-1
86	0	-1
87	0	-1
88	0	-1
89	0	-1
90	0	-1
91	0	-1
92	0	-1
93	0	-1
94	0	-1
95	0	-1
96	0	-1
97	0	-1
98	0	-1
99	0	-1
100	0	-1
101	0	-1
102	0	-1
103	0	-1
104	0	-1
105	0	-1
106	0	-1
107	0	-1
108	0	-1
109	0	-1
110	0	-1
111	0	-1
112	0	-1
113	0	-1
114	0	-1
115	0	-1
116	0	-1
117	0	-1
118	0	-1
119	0	-1
120	0	-1
121	0	-1
122	0	-1
123	0	-1
124	0	-1
125	0	-1
126	0	-1
127	0	-1
128	0	-1
129	0	-1
130	0	-1
131	0	-1
132	0	-1
133	0	-1
134	0	-1
135	0	-1
136	0	-1
137	0	-1
138	0	-1
139	0	-1
140	0	-1
141	0	-1
142	0	-1
143	0	-1
144	0	-1
145	0	-1
146	0	-1
147	0	-1
148	0	-1
149	0	-1
150	0	-1
151	0	-1
152	0	-1
153	0	-1
154	0	-1
155	0	-1
156	0	-1
157	0	-1
158	0	-1
159	0	-1
160	0	-1
161	0	-1
162	0	-1
163	0	-1
164	0	-1
165	0	-1
166	0	-1
167	0	-1
168	0	-1
169	0	-1
170	0	-1
171	0	-1
172	0	-1
173	0	-1
174	0	-1
175	0	-1
176	0	-1
177	0	-1
178	0	-1
179	0	-1
180	0	-1
181	0	-1
182	0	-1
183	0	-1
184	0	-1
185	0	-1
186	0	-1
187	0	-1
188	0	-1
189	0	-1
190	0	-1
191	0	-1
192	0	-1
193	0	-1
194	0	-1
195	0	-1
196	0	-1
197	0	-1
198	0	-1
199	0	-1
200	0	-1
201	0	-1
202	0	-1
203	0	-1
204	0	-1
205	0	-1
206	0	-1
207	0	-1
208	0	-1
209	0	-1
210	0	-1
211	0	-1
212	0	-1
213	0	-1
214	0	-1
215	0	-1
216	0	-1
217	0	-1
218	0	-1
219	0	-1
220	0	-1
221	0	-1
222	0	-1
223	0	-1
224	0	-1
225	0	-1
226	0	-1
227	0	-1
228	0	-1
229	0	-1
230	0	-1
231	0	-1
232	0	-1
233	0	-1
234	0	-1
235	0	-1
236	0	-1
237	0	-1
238	0	-1
239	0	-1
240	0	-1
241	0	-1
242	0	-1
243	0	-1
244	0	-1
245	0	-1
246	0	-1
247	0	-1
248	0	-1
249	0	-1
250	0	-1
251	0	-1
252	0	-1
253	0	-1
254	0	-1
255	0	-1
256	0	-1
257	0	-1
258	0	-1
259	0	-1
260	0	-1
261	0	-1
262	0	-1
263	0	-1
264	0	-1
265	0	-1
266	0	-1
267	0	-1
268	0	-1
269	0	-1
270	0	-1
271	0	-1
272	0	-1
273	0	-1
274	0	-1
275	0	-1
276	0	-1
277	0	-1
278	0	-1
279	0	-1
280	0	-1
281	0	-1
282	0	-1
283	0	-1
284	0	-1
285	0	-1
286	0	-1
287	0	-1
288	0	-1
289	0	-1
290	0	-1
291	0	-1
292	0	-1
293	0	-1
294	0	-1
295	0	-1
296	0	-1
297	0	-1
298	0	-1
299	0	-1
300	0	-1
301	0	-1
302	0	-1
303	0	-1
304	0	-1
305	0	-1
306	0	-1
307	0	-1
308	0	-1
309	0	-1
310	0	-1
311	0	-1
312	0	-1
313	0	-1
314	0	-1
315	0	-1
316	0	-1
317	0	-1
318	0	-1
319	0	-1
320	0	-1
321	0	-1
322	0	-1
323	0	-1
324	0	-1
325	0	-1
326	0	-1
327	0	-1
328	0	-1
329	0	-1
330	0	-1
331	0	-1
332	0	-1
333	0	-1
334	0	-1
335	0	-1
336	0	-1
337	0	-1
338	0	-1
339	0	-1
340	0	-1
341	0	-1
342	0	-1
343	0	-1
344	0	-1
345	0	-1
346	0	-1
347	0	-1
348	0	-1
349	0	-1
350	0	-1
351	0	-1
352	0	-1
353	0	-1
354	0	-1
355	0	-1
356	0	-1
357	0	-1
358	0	-1
359	0	-1
360	0	-1
361	0	-1
362	0	-1
363	0	-1
364	0	-1
365	0	-1
366	0	-1
367	0	-1
368	0	-1
369	0	-1
370	0	-1
371	0	-1
372	0	-1
373	0	-1
374	0	-1
375	0	-1
376	0	-1
377	0	-1
378	0	-1
379	0	-1
380	0	-1
381	0	-1
382	0	-1
383	0	-1
384	0	-1
385	0	-1
386	0	-1
387	0	-1
388	0	-1
389	0	-1
390	0	-1
391	0	-1
392	0	-1
393	0	-1
394	0	-1
395	0	-1
396	0	-1
397	0	-1
398	0	-1
399	0	-1
400	0	-1
401	0	-1
402	0	-1
403	0	-1
404	0	-1
405	0	-1
406	0	-1
407	0	-1
408	0	-1
409	0	-1
410	0	-1
411	0	-1
412	0	-1
413	0	-1
414	0	-1
415	0	-1
416	0	-1
417	0	-1
418	0	-1
419	0	-1
420	0	-1
421	0	-1
422	0	-1
423	0	-1
424	0	-1
425	0	-1
426	0	-1
427	0	-1
428	0	-1
429	0	-1
430	0	-1
431	0	-1
432	0	-1
433	0	-1
434	0	-1
435	0	-1
436	0	-1
437	0	-1
438	0	-1
439	0	-1
440	0	-1
441	0	-1
442	0	-1
443	0	-1
444	0	-1
445	0	-1
446	0	-1
447	0	-1
448	0	-1
449	0	-1
450	0	-1
451	0	-1
452	0	-1
453	0	-1
454	0	-1
455	0	-1
456	0	-1
457	0	-1
458	0	-1
459	0	-1
460	0	-1
461	0	-1
462	0	-1
463	0	-1
464	0	-1
465	0	-1
466	0	-1
467	0	-1
468	0	-1
469	0	-1
470	0	-1
471	0	-1
472	0	-1
473	0	-1
474	0	-1
475	0	-1
476	0	-1
477	0	-1
478	0	-1
479	0	-1
480	0	-1
481	0	-1
482	0	-1
483	0	-1
484	0	-1
485	0	-1
486	0	-1
487	0	-1
488	0	-1
489	0	-1
490	0	-1
491	0	-1
492	0	-1
493	0	-1
494	0	-1
495	0	-1
496	0	-1
497	0	-1
498	0	-1
499	0	-1
500	0	-1
501	0	-1
502	0	-1
503	0	-1
504	0	-1
505	0	-1
506	0	-1
507	0	-1
508	0	-1
509	0	-1
510	0	-1
511	0	-1
512	0	-1
513	0	-1
514	0	-1
515	0	-1
516	0	-1
517	0	-1
518	0	-1
519	0	-1
520	0	-1
521	0	-1
522	0	-1
523	0	-1
524	0	-1
525	0	-1
526	0	-1
527	0	-1
528	0	-1
529	0	-1
530	0	-1
531	0	-1
532	0	-1
533	0	-1
534	0	-1
535	0	-1
536	0	-1
537	0	-1
538	0	-1
539	0	-1
540	0	-1
541	0	-1
542	0	-1
543	0	-1
544	0	-1
545	0	-1
546	0	-1
547	0	-1
548	0	-1
549	0	-1
550	0	-1
551	0	-1
552	0	-1
553	0	-1
554	0	-1
555	0	-1
556	0	-1
557	0	-1
558	0	-1
559	0	-1
560	0	-1
561	0	-1
562	0	-1
563	0	-1
564	0	-1
565	0	-1
566	0	-1
567	0	-1
568	0	-1
569	0	-1
570	0	-1
571	0	-1
572	0	-1
573	0	-1
574	0	-1
575	0	-1
576	0	-1
577	0	-1
578	0	-1
579	0	-1
580	0	-1
581	0	-1
582	0	-1
583	0	-1
584	0	-1
585	0	-1
586	0	-1
587	0	-1
588	0	-1
589	0	-1
590	0	-1
591	0	-1
592	0	-1
593	0	-1
594	0	-1
595	0	-1
596	0	-1
597	0	-1
598	0	-1
599	0	-1
600	0	-1
601	0	-1
602	0	-1
603	0	-1
604	0	-1
605	0	-1
606	0	-1
607	0	-1
608	0	-1
609	0	-1
610	0	-1
611	0	-1
612	0	-1
613	0	-1
614	0	-1
615	0	-1
616	0	-1
617	0	-1
618	0	-1
619	0	-1
620	0	-1
621	0	-1
622	0	-1
623	0	-1
624	0	-1
625	0	-1
626	0	-1
627	0	-1
628	0	-1
629	0	-1
630	0	-1
631	0	-1
632	0	-1
633	0	-1
634	0	-1
635	0	-1
636	0	-1
637	0	-1
638	0	-1
639	0	-1
640	0	-1
641	0	-1
642	0	-1
643	0	-1
644	0	-1
645	0	-1
646	0	-1
647	0	-1
648	0	-1
649	0	-1
650	0	-1
651	0	-1
652	0	-1
653	0	-1
654	0	-1
655	0	-1
656	0	-1
657	0	-1
658	0	-1
659	0	-1
660	0	-1
661	0	-1
662	0	-1
663	0	-1
664	0	-1
665	0	-1
666	0	-1
667	0	-1
668	0	-1
669	0	-1
670	0	-1
671	0	-1
672	0	-1
673	0	-1
674	0	-1
675	0	-1
676	0	-1
677	0	-1
678	0	-1
679	0	-1
680	0	-1
681	0	-1
682	0	-1
683	0	-1
684	0	-1
685	0	-1
686	0	-1
687	0	-1
688	0	-1
689	0	-1
690	0	-1
691	0	-1
692	0	-1
693	0	-1
694	0	-1
695	0	-1
696	0	-1
697	0	-1
698	0	-1
699	0	-1
700	0	-1
701	0	-1
702	0	-1
703	0	-1
704	0	-1
705	0	-1
706	0	-1
707	0	-1
708	0	-1
709	0	-1
710	0	-1
711	0	-1
712	0	-1
713	0	-1
714	0	-1
715	0	-1
716	0	-1
717	0	-1
718	0	-1
719	0	-1
720	0	-1
721	0	-1
722	0	-1
723	0	-1
724	0	-1
725	0	-1
726	0	-0.666666666666667
727	0	-0.333333333333333
728	0	0
729	0.333333333333333	0
730	0.666666666666667	0
731	1	0
732	1	0
733	0.666666666666667	0
734	0.333333333333333	0
735	0	0
736	0	-0.333333333333333
737	0	-0.666666666666667
738	0	-1
739	0	-1
740	0	-1
741	0	-0.666666666666667
742	0	-0.333333333333333
743	0	0
744	0.333333333333333	0
745	0.666666666666667	0
746	1	0
747	1	0
748	1	0
749	1	0
750	1	0
751	1	0
752	1	0
753	1	0
754	1	0
755	1	0
756	1	0
757	1	0
758	1	0
759	1	0
760	1	0
761	1	0
762	1	0
763	0.666666666666667	0
764	0.666666666666667	0
765	0.666666666666667	0
766	0.666666666666667	0
767	0.666666666666667	0
768	0.666666666666667	0
769	1	0
770	1	0
771	1	0
772	1	0
773	1	0
774	0.666666666666667	0
775	0.333333333333333	0
776	0	0
777	0	-0.333333333333333
778	0	-0.666666666666667
779	0	-1
780	0	-1
781	0	-1
782	0	-1
783	0	-1
784	0	-1
785	0	-1
786	0	-1
787	0	-1
788	0	-1
789	0	-1
790	0	-1
791	0	-1
792	0	-1
793	0	-1
794	0	-1
795	0	-1
796	0	-1
797	0	-1
798	0	-1
799	0	-1
800	0	-0.666666666666667
801	0	-0.333333333333333
802	0	0
803	0.333333333333333	0
804	0.666666666666667	0
805	1	0
806	1	0
807	0.666666666666667	0
808	0.666666666666667	0
809	0.333333333333333	0
810	0	0
811	0	-0.333333333333333
812	0	-0.666666666666667
813	0	-1
814	0	-1
815	0	-1
816	0	-1
817	0	-1
818	0	-1
819	0	-1
820	0	-1
821	0	-1
822	0	-0.666666666666667
823	0	-0.333333333333333
824	0	0
825	0.333333333333333	0
826	0.666666666666667	0
827	0.666666666666667	0
828	1	0
829	1	0
830	1	0
831	1	0
832	1	0
833	1	0
834	1	0
835	1	0
836	1	0
837	0.666666666666667	0
838	1	0
839	1	0
840	0.666666666666667	0
841	0.666666666666667	0
842	0.666666666666667	0
843	0.666666666666667	0
844	0.666666666666667	0
845	0.666666666666667	0
846	1	0
847	1	0
848	1	0
849	1	0
850	1	0
851	1	0
852	1	0
853	1	0
854	1	0
855	1	0
856	1	0
857	1	0
858	1	0
859	1	0
860	1	0
861	1	0
862	1	0
863	1	0
864	1	0
865	1	0
866	1	0
867	1	0
868	1	0
869	1	0
870	1	0
871	1	0
872	1	0
873	1	0
874	1	0
875	1	0
876	1	0
877	1	0
878	1	0
879	1	0
880	1	0
881	1	0
882	1	0
883	0.666666666666667	0
884	0.333333333333333	0
885	0.666666666666667	0
886	1	0
887	1	0
888	1	0
889	1	0
890	1	0
891	1	0
892	1	0
893	1	0
894	1	0
895	1	0
896	1	0
897	1	0
898	0.666666666666667	0
899	0.333333333333333	0
900	0.333333333333333	0
901	0.333333333333333	0
902	0.333333333333333	0
903	0	0
904	0.333333333333333	0
905	0.333333333333333	0
906	0	0
907	0	-0.333333333333333
908	0	-0.333333333333333
909	0	-0.333333333333333
910	0	-0.666666666666667
911	0	-1
912	0	-1
913	0	-1
914	0	-1
915	0	-1
916	0	-1
917	0	-1
918	0	-1
919	0	-1
920	0	-1
921	0	-1
922	0	-1
923	0	-1
924	0	-1
925	0	-1
926	0	-1
927	0	-1
928	0	-1
929	0	-1
930	0	-1
931	0	-1
932	0	-1
933	0	-1
934	0	-1
935	0	-1
936	0	-1
937	0	-1
938	0	-1
939	0	-1
940	0	-1
941	0	-1
942	0	-1
943	0	-1
944	0	-1
945	0	-1
946	0	-1
947	0	-1
948	0	-1
949	0	-1
950	0	-1
951	0	-1
952	0	-1
953	0	-1
954	0	-1
955	0	-1
956	0	-1
957	0	-1
958	0	-1
959	0	-1
960	0	-1
961	0	-1
962	0	-1
963	0	-1
964	0	-1
965	0	-1
966	0	-1
967	0	-1
968	0	-1
969	0	-1
970	0	-1
971	0	-1
972	0	-1
973	0	-1
974	0	-1
975	0	-1
976	0	-1
977	0	-1
978	0	-1
979	0	-1
980	0	-1
981	0	-1
982	0	-1
983	0	-1
984	0	-1
985	0	-1
986	0	-1
987	0	-1
988	0	-1
989	0	-0.666666666666667
990	0	-0.333333333333333
991	0	0
992	0.333333333333333	0
993	0.666666666666667	0
994	1	0
995	0.666666666666667	0
996	0.666666666666667	0
997	0.666666666666667	0
998	0.666666666666667	0
999	0.333333333333333	0
1000	0	0
1001	0.333333333333333	0
1002	0	0
1003	0	0
1004	0	0
1005	0.333333333333333	0
1006	0.666666666666667	0
1007	0.666666666666667	0
1008	1	0
1009	1	0
1010	1	0
1011	0.666666666666667	0
1012	0.333333333333333	0
1013	0	0
1014	0	-0.333333333333333
1015	0	-0.666666666666667
1016	0	-1
1017	0	-1
1018	0	-1
1019	0	-1
1020	0	-1
1021	0	-1
1022	0	-1
1023	0	-1
1024	0	-1
1025	0	-1
1026	0	-1
1027	0	-1
1028	0	-1
1029	0	-1
1030	0	-0.666666666666667
1031	0	-0.333333333333333
1032	0	0
1033	0.333333333333333	0
1034	0.666666666666667	0
1035	0.666666666666667	0
1036	1	0
1037	1	0
1038	1	0
1039	1	0
1040	1	0
1041	1	0
1042	1	0
1043	1	0
1044	1	0
1045	1	0
1046	1	0
1047	1	0
1048	1	0
1049	1	0
1050	0.666666666666667	0
1051	0.333333333333333	0
1052	0	0
1053	0	-0.333333333333333
1054	0	-0.666666666666667
1055	0	-1
1056	0	-1
1057	0	-1
1058	0	-1
1059	0	-1
1060	0	-1
1061	0	-1
1062	0	-1
1063	0	-1
1064	0	-1
1065	0	-1
1066	0	-1
1067	0	-1
1068	0	-1
1069	0	-1
1070	0	-1
1071	0	-1
1072	0	-1
1073	0	-1
1074	0	-1
1075	0	-1
1076	0	-1
1077	0	-1
1078	0	-1
1079	0	-1
1080	0	-1
1081	0	-1
1082	0	-1
1083	0	-1
1084	0	-1
1085	0	-1
1086	0	-1
1087	0	-1
1088	0	-1
1089	0	-1
1090	0	-1
1091	0	-1
1092	0	-1
1093	0	-1
1094	0	-1
1095	0	-1
1096	0	-1
1097	0	-1
1098	0	-1
1099	0	-1
1100	0	-1
1101	0	-1
1102	0	-1
1103	0	-1
1104	0	-1
1105	0	-1
1106	0	-1
1107	0	-1
1108	0	-1
1109	0	-1
1110	0	-1
1111	0	-1
1112	0	-1
1113	0	-1
1114	0	-1
1115	0	-1
1116	0	-1
1117	0	-1
1118	0	-1
1119	0	-1
1120	0	-1
1121	0	-1
1122	0	-1
1123	0	-1
1124	0	-1
1125	0	-1
1126	0	-1
1127	0	-1
1128	0	-1
1129	0	-1
1130	0	-1
1131	0	-1
1132	0	-1
1133	0	-1
1134	0	-1
1135	0	-1
1136	0	-1
1137	0	-1
1138	0	-1
1139	0	-1
1140	0	-1
1141	0	-1
1142	0	-1
1143	0	-1
1144	0	-1
1145	0	-1
1146	0	-1
1147	0	-1
1148	0	-1
1149	0	-1
1150	0	-1
1151	0	-1
1152	0	-1
1153	0	-0.666666666666667
1154	0	-0.333333333333333
1155	0	0
1156	0.333333333333333	0
1157	0.666666666666667	0
1158	0.666666666666667	0
1159	0.666666666666667	0
1160	1	0
1161	1	0
1162	1	0
1163	1	0
1164	1	0
1165	0.666666666666667	0
1166	0.333333333333333	0
1167	0	0
1168	0	-0.333333333333333
1169	0	-0.666666666666667
1170	0	-1
1171	0	-1
1172	0	-1
1173	0	-1
1174	0	-1
1175	0	-0.666666666666667
1176	0	-0.333333333333333
1177	0	0
1178	0.333333333333333	0
1179	0.666666666666667	0
1180	1	0
1181	1	0
1182	1	0
1183	1	0
1184	1	0
1185	1	0
1186	1	0
1187	1	0
1188	1	0
1189	1	0
1190	1	0
1191	1	0
1192	1	0
1193	1	0
1194	1	0
1195	1	0
1196	1	0
1197	1	0
1198	1	0
1199	1	0
1200	1	0
1201	1	0
1202	1	0
1203	1	0
1204	1	0
1205	1	0
1206	1	0
1207	1	0
1208	1	0
1209	1	0
1210	1	0
1211	1	0
1212	1	0
1213	1	0
1214	1	0
1215	1	0
1216	1	0
1217	1	0
1218	1	0
1219	1	0
1220	1	0
1221	1	0
1222	1	0
1223	1	0
1224	1	0
1225	1	0
1226	1	0
1227	1	0
1228	1	0
1229	1	0
1230	1	0
1231	1	0
1232	1	0
1233	1	0
1234	1	0
1235	1	0
1236	1	0
1237	1	0
1238	1	0
1239	1	0
1240	1	0
1241	1	0
1242	1	0
1243	1	0
1244	1	0
1245	1	0
1246	1	0
1247	1	0
1248	1	0
1249	1	0
1250	1	0
1251	1	0
1252	1	0
1253	1	0
1254	1	0
1255	1	0
1256	1	0
1257	1	0
1258	1	0
1259	1	0
1260	1	0
1261	1	0
1262	1	0
1263	1	0
1264	1	0
1265	1	0
1266	1	0
1267	1	0
1268	1	0
1269	1	0
1270	1	0
1271	1	0
1272	1	0
1273	1	0
1274	1	0
1275	1	0
1276	1	0
1277	1	0
1278	1	0
1279	1	0
1280	1	0
1281	1	0
1282	1	0
1283	1	0
1284	1	0
1285	1	0
1286	1	0
1287	1	0
1288	1	0
1289	1	0
1290	1	0
1291	1	0
1292	1	0
1293	1	0
1294	1	0
1295	1	0
1296	1	0
1297	1	0
1298	1	0
1299	1	0
1300	1	0
1301	1	0
1302	1	0
1303	1	0
1304	1	0
1305	1	0
1306	1	0
1307	1	0
1308	1	0
1309	1	0
1310	1	0
1311	1	0
1312	1	0
1313	1	0
1314	1	0
1315	1	0
1316	1	0
1317	1	0
1318	1	0
1319	1	0
1320	1	0
1321	1	0
1322	1	0
1323	1	0
1324	1	0
1325	1	0
1326	0.666666666666667	0
1327	0.333333333333333	0
1328	0	0
1329	0	-0.333333333333333
1330	0	-0.333333333333333
1331	0	-0.333333333333333
1332	0	0
1333	0.333333333333333	0
1334	0.666666666666667	0
1335	1	0
1336	1	0
1337	1	0
1338	1	0
1339	1	0
1340	1	0
1341	1	0
1342	1	0
1343	1	0
1344	1	0
1345	1	0
1346	1	0
1347	1	0
1348	1	0
1349	1	0
1350	1	0
1351	1	0
1352	1	0
1353	1	0
1354	1	0
1355	1	0
1356	1	0
1357	1	0
1358	1	0
1359	1	0
1360	1	0
1361	1	0
1362	1	0
1363	1	0
1364	1	0
1365	1	0
1366	1	0
1367	1	0
1368	1	0
1369	1	0
1370	1	0
1371	1	0
1372	1	0
1373	1	0
1374	1	0
1375	1	0
1376	1	0
1377	1	0
1378	1	0
1379	1	0
1380	1	0
1381	1	0
1382	1	0
1383	1	0
1384	1	0
1385	1	0
1386	1	0
1387	1	0
1388	1	0
1389	1	0
1390	1	0
1391	1	0
1392	1	0
1393	1	0
1394	1	0
1395	1	0
1396	1	0
1397	1	0
1398	1	0
1399	1	0
1400	1	0
1401	1	0
1402	1	0
1403	1	0
1404	1	0
1405	1	0
1406	1	0
1407	1	0
1408	1	0
1409	1	0
1410	1	0
1411	1	0
1412	1	0
1413	1	0
1414	1	0
1415	1	0
1416	1	0
1417	1	0
1418	1	0
1419	1	0
1420	0.666666666666667	0
1421	0.333333333333333	0
1422	0	0
1423	0	-0.333333333333333
1424	0	-0.666666666666667
1425	0	-1
1426	0	-1
1427	0	-1
1428	0	-1
1429	0	-1
1430	0	-1
1431	0	-1
1432	0	-1
1433	0	-1
1434	0	-1
1435	0	-1
1436	0	-1
1437	0	-1
1438	0	-1
1439	0	-1
1440	0	-1
1441	0	-1
1442	0	-1
1443	0	-1
1444	0	-1
1445	0	-1
1446	0	-1
1447	0	-1
1448	0	-1
1449	0	-1
1450	0	-1
1451	0	-1
1452	0	-1
1453	0	-1
1454	0	-1
1455	0	-1
1456	0	-1
1457	0	-1
1458	0	-1
1459	0	-1
1460	0	-1
1461	0	-1
1462	0	-1
1463	0	-1
1464	0	-1
1465	0	-1
1466	0	-1
1467	0	-1
1468	0	-1
1469	0	-1
1470	0	-1
1471	0	-1
1472	0	-1
1473	0	-1
1474	0	-1
1475	0	-1
1476	0	-1
1477	0	-1
1478	0	-1
1479	0	-1
1480	0	-1
1481	0	-1
1482	0	-1
1483	0	-1
1484	0	-1
1485	0	-1
1486	0	-1
1487	0	-1
1488	0	-1
1489	0	-1
1490	0	-1
1491	0	-1
1492	0	-1
1493	0	-1
1494	0	-1
1495	0	-1
1496	0	-1
1497	0	-1
1498	0	-1
1499	0	-1
1500	0	-1
1501	0	-1
1502	0	-1
1503	0	-1
1504	0	-1
1505	0	-1
1506	0	-1
1507	0	-1
1508	0	-1
1509	0	-1
1510	0	-1
1511	0	-1
1512	0	-1
1513	0	-1
1514	0	-1
1515	0	-1
1516	0	-1
1517	0	-1
1518	0	-1
1519	0	-1
1520	0	-1
1521	0	-1
1522	0	-1
1523	0	-1
1524	0	-1
1525	0	-1
1526	0	-1
1527	0	-1
1528	0	-1
1529	0	-1
1530	0	-1
1531	0	-1
1532	0	-1
1533	0	-1
1534	0	-1
1535	0	-1
1536	0	-1
1537	0	-1
1538	0	-1
1539	0	-1
1540	0	-1
1541	0	-1
1542	0	-1
1543	0	-1
1544	0	-1
1545	0	-1
1546	0	-1
1547	0	-1
1548	0	-1
1549	0	-1
1550	0	-1
1551	0	-1
1552	0	-1
1553	0	-1
1554	0	-1
1555	0	-1
1556	0	-1
1557	0	-1
1558	0	-1
1559	0	-1
1560	0	-1
1561	0	-1
1562	0	-1
1563	0	-1
1564	0	-1
1565	0	-1
1566	0	-1
1567	0	-1
1568	0	-1
1569	0	-1
1570	0	-1
1571	0	-1
1572	0	-1
1573	0	-1
1574	0	-1
1575	0	-1
1576	0	-1
1577	0	-1
1578	0	-1
1579	0	-1
1580	0	-1
1581	0	-1
1582	0	-1
1583	0	-1
1584	0	-1
1585	0	-1
1586	0	-1
1587	0	-1
1588	0	-1
1589	0	-1
1590	0	-1
1591	0	-1
1592	0	-1
1593	0	-1
1594	0	-1
1595	0	-1
1596	0	-1
1597	0	-1
1598	0	-1
1599	0	-1
1600	0	-1
1601	0	-1
1602	0	-1
1603	0	-1
1604	0	-1
1605	0	-1
1606	0	-1
1607	0	-1
1608	0	-1
1609	0	-1
1610	0	-1
1611	0	-1
1612	0	-1
1613	0	-1
1614	0	-1
1615	0	-1
1616	0	-1
1617	0	-1
1618	0	-1
1619	0	-1
1620	0	-1
1621	0	-1
1622	0	-1
1623	0	-1
1624	0	-1
1625	0	-1
1626	0	-1
1627	0	-1
1628	0	-1
1629	0	-1
1630	0	-1
1631	0	-1
1632	0	-1
1633	0	-1
1634	0	-1
1635	0	-1
1636	0	-1
1637	0	-1
1638	0	-1
1639	0	-1
1640	0	-1
1641	0	-1
1642	0	-1
1643	0	-1
1644	0	-1
1645	0	-1
1646	0	-1
1647	0	-1
1648	0	-1
1649	0	-1
1650	0	-1
1651	0	-1
1652	0	-1
1653	0	-1
1654	0	-1
1655	0	-1
1656	0	-1
1657	0	-1
1658	0	-1
1659	0	-1
1660	0	-1
1661	0	-1
1662	0	-1
1663	0	-1
1664	0	-1
1665	0	-1
1666	0	-1
1667	0	-1
1668	0	-1
1669	0	-1
1670	0	-1
1671	0	-1
1672	0	-1
1673	0	-1
1674	0	-1
1675	0	-1
1676	0	-1
1677	0	-1
1678	0	-1
1679	0	-1
1680	0	-1
1681	0	-1
1682	0	-1
1683	0	-1
1684	0	-1
1685	0	-1
1686	0	-1
1687	0	-1
1688	0	-1
1689	0	-1
1690	0	-1
1691	0	-1
1692	0	-1
1693	0	-1
1694	0	-1
1695	0	-1
1696	0	-1
1697	0	-1
1698	0	-1
1699	0	-1
1700	0	-1
1701	0	-1
1702	0	-1
1703	0	-1
1704	0	-1
1705	0	-1
1706	0	-1
1707	0	-1
1708	0	-1
1709	0	-1
1710	0	-1
1711	0	-1
1712	0	-1
1713	0	-1
1714	0	-1
1715	0	-1
1716	0	-1
1717	0	-1
1718	0	-1
1719	0	-1
1720	0	-1
1721	0	-1
1722	0	-1
1723	0	-1
1724	0	-1
1725	0	-1
1726	0	-1
1727	0	-1
1728	0	-1
1729	0	-1
1730	0	-1
1731	0	-1
1732	0	-1
1733	0	-1
1734	0	-1
1735	0	-1
1736	0	-1
1737	0	-1
1738	0	-1
1739	0	-1
1740	0	-1
1741	0	-1
1742	0	-1
1743	0	-1
1744	0	-1
1745	0	-1
1746	0	-1
1747	0	-1
1748	0	-1
1749	0	-1
1750	0	-1
1751	0	-1
1752	0	-1
1753	0	-1
1754	0	-1
1755	0	-1
1756	0	-1
1757	0	-1
1758	0	-1
1759	0	-1
1760	0	-1
1761	0	-1
1762	0	-1
1763	0	-1
1764	0	-1
1765	0	-1
1766	0	-1
1767	0	-1
1768	0	-1
1769	0	-1
1770	0	-1
1771	0	-1
1772	0	-1
1773	0	-1
1774	0	-1
1775	0	-1
1776	0	-1
1777	0	-1
1778	0	-1
1779	0	-1
1780	0	-1
1781	0	-1
1782	0	-1
1783	0	-1
1784	0	-1
1785	0	-1
1786	0	-1
1787	0	-1
1788	0	-1
1789	0	-1
1790	0	-1
1791	0	-1
1792	0	-1
1793	0	-1
1794	0	-1
1795	0	-1
1796	0	-1
1797	0	-1
1798	0	-1
1799	0	-1
1800	0	-1
1801	0	-1
1802	0	-1
1803	0	-1
1804	0	-1
1805	0	-1
1806	0	-1
1807	0	-1
1808	0	-1
1809	0	-1
1810	0	-1
1811	0	-1
1812	0	-1
1813	0	-1
1814	0	-1
1815	0	-1
1816	0	-1
1817	0	-1
1818	0	-1
1819	0	-1
1820	0	-1
1821	0	-1
1822	0	-1
1823	0	-1
1824	0	-1
1825	0	-1
1826	0	-1
1827	0	-1
1828	0	-1
1829	0	-1
1830	0	-1
1831	0	-1
1832	0	-1
1833	0	-1
1834	0	-1
1835	0	-1
1836	0	-1
1837	0	-1
1838	0	-1
1839	0	-1
1840	0	-1
1841	0	-1
1842	0	-1
1843	0	-1
1844	0	-1
1845	0	-1
1846	0	-1
1847	0	-1
1848	0	-1
1849	0	-1
1850	0	-1
1851	0	-1
1852	0	-1
1853	0	-1
1854	0	-1
1855	0	-1
1856	0	-1
1857	0	-1
1858	0	-1
1859	0	-1
1860	0	-1
1861	0	-1
1862	0	-1
1863	0	-1
1864	0	-1
1865	0	-1
1866	0	-1
1867	0	-1
1868	0	-1
1869	0	-1
1870	0	-1
1871	0	-1
1872	0	-1
1873	0	-1
1874	0	-1
1875	0	-1
1876	0	-1
1877	0	-1
1878	0	-1
1879	0	-1
1880	0	-1
1881	0	-1
1882	0	-1
1883	0	-1
1884	0	-1
1885	0	-1
1886	0	-1
1887	0	-1
1888	0	-1
1889	0	-1
1890	0	-1
1891	0	-1
1892	0	-1
1893	0	-1
1894	0	-1
1895	0	-1
1896	0	-1
1897	0	-1
1898	0	-1
1899	0	-1
1900	0	-1
1901	0	-1
1902	0	-1
1903	0	-1
1904	0	-1
1905	0	-1
1906	0	-1
1907	0	-1
1908	0	-1
1909	0	-1
1910	0	-1
1911	0	-1
1912	0	-1
1913	0	-1
1914	0	-1
1915	0	-1
1916	0	-1
1917	0	-1
1918	0	-1
1919	0	-1
1920	0	-1
1921	0	-1
1922	0	-0.833333333333333
1923	0	-0.666666666666667
1924	0	-0.5
1925	0	-0.333333333333333
1926	0	-0.166666666666667
1927	0	0
