position	positive	negative
1	0	-0.166666666666667
2	0	-0.333333333333333
3	0	-0.5
4	0	-0.666666666666667
5	0	-0.833333333333333
6	0	-1
7	0	-1
8	0	-1
9	0	-1
10	0	-1
11	0	-1
12	0	-1
13	0	-1
14	0	-1
15	0	-1
16	0	-1
17	0	-1
18	0	-1
19	0	-1
20	0	-1
21	0	-1
22	0	-1
23	0	-1
24	0	-1
25	0	-1
26	0	-1
27	0	-1
28	0	-1
29	0	-1
30	0	-1
31	0	-1
32	0	-1
33	0	-1
34	0	-1
35	0	-1
36	0	-1
37	0	-1
38	0	-1
39	0	-1
40	0	-1
41	0	-1
42	0	-1
43	0	-1
44	0	-1
45	0	-1
46	0	-1
47	0	-1
48	0	-1
49	0	-1
50	0	-1
51	0	-1
52	0	-1
53	0	-1
54	0	-1
55	0	-1
56	0	-1
57	0	-1
58	0	-1
59	0	-1
60	0	-1
61	0	-1
62	0	-1
63	0	-1
64	0	-1
65	0	-1
66	0	-1
67	0	-1
68	0	-1
69	0	-1
70	0	-1
71	0	-1
72	0	-1
73	0	-0.666666666666667
74	0	-0.333333333333333
75	0	0
76	0.333333333333333	0
77	0.666666666666667	0
78	1	0
79	1	0
80	1	0
81	1	0
82	1	0
83	1	0
84	1	0
85	1	0
86	1	0
87	1	0
88	1	0
89	1	0
90	1	0
91	1	0
92	1	0
93	0.666666666666667	0
94	0.333333333333333	0
95	0	0
96	0	-0.166666666666667
97	0	-0.333333333333333
98	0	-0.333333333333333
99	0	0
100	0	0
101	0.333333333333333	0
102	0.5	0
103	0.5	0
104	0.833333333333333	0
105	1	0
106	1	0
107	1	0
108	1	0
109	1	0
110	1	0
111	1	0
112	1	0
113	1	0
114	1	0
115	1	0
116	1	0
117	1	0
118	1	0
119	1	0
120	1	0
121	1	0
122	1	0
123	1	0
124	1	0
125	1	0
126	1	0
127	1	0
128	1	0
129	1	0
130	1	0
131	1	0
132	0.666666666666667	0
133	0.333333333333333	0
134	0	0
135	0	-0.333333333333333
136	0	-0.666666666666667
137	0	-1
138	0	-1
139	0	-1
140	0	-1
141	0	-0.666666666666667
142	0	-0.666666666666667
143	0	-0.333333333333333
144	0	0
145	0.333333333333333	0
146	0.666666666666667	0
147	0.666666666666667	0
148	1	0
149	1	0
150	1	0
151	1	0
152	1	0
153	0.833333333333333	0
154	0.833333333333333	0
155	0.666666666666667	0
156	0.666666666666667	0
157	0.666666666666667	0
158	0.666666666666667	0
159	0.666666666666667	0
160	0.666666666666667	0
161	0.666666666666667	0
162	0.666666666666667	0
163	1	0
164	1	0
165	1	0
166	1	0
167	1	0
168	1	0
169	1	0
170	1	0
171	1	0
172	1	0
173	1	0
174	1	0
175	0.666666666666667	0
176	0.333333333333333	0
177	0.333333333333333	0
178	0.333333333333333	0
179	0	0
180	0	0
181	0.333333333333333	0
182	0.666666666666667	0
183	0.833333333333333	0
184	1	0
185	1	0
186	1	0
187	1	0
188	1	0
189	1	0
190	1	0
191	1	0
192	1	0
193	1	0
194	1	0
195	0.833333333333333	0
196	0.666666666666667	0
197	0.666666666666667	0
198	0.333333333333333	0
199	0.333333333333333	0
200	0	0
201	0	0
202	0	0
203	0	-0.333333333333333
204	0	-0.333333333333333
205	0	-0.666666666666667
206	0	-0.833333333333333
207	0	-1
208	0	-1
209	0	-1
210	0	-1
211	0	-1
212	0	-1
213	0	-1
214	0	-1
215	0	-1
216	0	-1
217	0	-1
218	0	-1
219	0	-1
220	0	-1
221	0	-1
222	0	-1
223	0	-1
224	0	-1
225	0	-1
226	0	-1
227	0	-1
228	0	-1
229	0	-1
230	0	-1
231	0	-1
232	0	-1
233	0	-1
234	0	-1
235	0	-1
236	0	-1
237	0	-1
238	0	-1
239	0	-1
240	0	-0.666666666666667
241	0	-0.5
242	0	-0.333333333333333
243	0	-0.333333333333333
244	0	-0.666666666666667
245	0	-0.666666666666667
246	0	-0.666666666666667
247	0	-0.666666666666667
248	0	-0.5
249	0	-0.666666666666667
250	0	-0.666666666666667
251	0	-0.666666666666667
252	0	-0.666666666666667
253	0	-1
254	0	-1
255	0	-1
256	0	-1
257	0	-1
258	0	-1
259	0	-1
260	0	-1
261	0	-1
262	0	-1
263	0	-1
264	0	-1
265	0	-1
266	0	-1
267	0	-1
268	0	-1
269	0	-1
270	0	-1
271	0	-1
272	0	-1
273	0	-1
274	0	-1
275	0	-1
276	0	-1
277	0	-1
278	0	-1
279	0	-1
280	0	-1
281	0	-1
282	0	-1
283	0	-1
284	0	-1
285	0	-1
286	0	-1
287	0	-1
288	0	-1
289	0	-1
290	0	-1
291	0	-1
292	0	-1
293	0	-1
294	0	-1
295	0	-1
296	0	-1
297	0	-1
298	0	-1
299	0	-1
300	0	-1
301	0	-1
302	0	-1
303	0	-1
304	0	-1
305	0	-1
306	0	-1
307	0	-1
308	0	-1
309	0	-1
310	0	-1
311	0	-1
312	0	-1
313	0	-1
314	0	-1
315	0	-1
316	0	-1
317	0	-1
318	0	-1
319	0	-1
320	0	-1
321	0	-1
322	0	-1
323	0	-1
324	0	-1
325	0	-1
326	0	-1
327	0	-1
328	0	-1
329	0	-1
330	0	-1
331	0	-1
332	0	-1
333	0	-1
334	0	-1
335	0	-1
336	0	-1
337	0	-1
338	0	-1
339	0	-1
340	0	-1
341	0	-1
342	0	-1
343	0	-1
344	0	-1
345	0	-1
346	0	-1
347	0	-1
348	0	-1
349	0	-1
350	0	-1
351	0	-1
352	0	-1
353	0	-1
354	0	-1
355	0	-1
356	0	-1
357	0	-1
358	0	-1
359	0	-1
360	0	-1
361	0	-1
362	0	-1
363	0	-1
364	0	-1
365	0	-1
366	0	-1
367	0	-1
368	0	-1
369	0	-1
370	0	-1
371	0	-1
372	0	-1
373	0	-1
374	0	-1
375	0	-1
376	0	-1
377	0	-1
378	0	-1
379	0	-1
380	0	-1
381	0	-1
382	0	-1
383	0	-1
384	0	-1
385	0	-1
386	0	-1
387	0	-1
388	0	-1
389	0	-1
390	0	-1
391	0	-1
392	0	-1
393	0	-1
394	0	-1
395	0	-1
396	0	-1
397	0	-1
398	0	-1
399	0	-1
400	0	-1
401	0	-1
402	0	-1
403	0	-1
404	0	-1
405	0	-1
406	0	-1
407	0	-1
408	0	-1
409	0	-1
410	0	-1
411	0	-1
412	0	-1
413	0	-1
414	0	-1
415	0	-1
416	0	-1
417	0	-1
418	0	-1
419	0	-1
420	0	-1
421	0	-1
422	0	-1
423	0	-1
424	0	-1
425	0	-1
426	0	-1
427	0	-1
428	0	-1
429	0	-1
430	0	-1
431	0	-1
432	0	-0.666666666666667
433	0	-0.333333333333333
434	0	0
435	0	0
436	0.333333333333333	0
437	0.666666666666667	0
438	0.666666666666667	0
439	1	0
440	1	0
441	1	0
442	1	0
443	1	0
444	1	0
445	1	0
446	1	0
447	1	0
448	1	0
449	1	0
450	1	0
451	1	0
452	0.833333333333333	0
453	0.833333333333333	0
454	1	0
455	1	0
456	1	0
457	1	0
458	1	0
459	1	0
460	1	0
461	1	0
462	1	0
463	1	0
464	1	0
465	1	0
466	1	0
467	1	0
468	1	0
469	1	0
470	1	0
471	1	0
472	1	0
473	1	0
474	1	0
475	1	0
476	1	0
477	1	0
478	1	0
479	1	0
480	1	0
481	1	0
482	0.666666666666667	0
483	0.333333333333333	0
484	0	0
485	0	-0.333333333333333
486	0	-0.5
487	0	-0.5
488	0	-0.333333333333333
489	0	0
490	0.333333333333333	0
491	0.333333333333333	0
492	0.666666666666667	0
493	1	0
494	1	0
495	1	0
496	1	0
497	1	0
498	1	0
499	1	0
500	1	0
501	1	0
502	1	0
503	0.666666666666667	0
504	0.666666666666667	0
505	0.666666666666667	0
506	0.666666666666667	0
507	0.666666666666667	0
508	0.666666666666667	0
509	1	0
510	1	0
511	1	0
512	1	0
513	1	0
514	1	0
515	1	0
516	1	0
517	1	0
518	1	0
519	1	0
520	1	0
521	0.666666666666667	0
522	0.333333333333333	0
523	0	0
524	0	-0.333333333333333
525	0	-0.666666666666667
526	0	-1
527	0	-1
528	0	-0.666666666666667
529	0	-0.333333333333333
530	0	0
531	0.333333333333333	0
532	0.666666666666667	0
533	1	0
534	1	0
535	1	0
536	1	0
537	1	0
538	1	0
539	1	0
540	1	0
541	1	0
542	1	0
543	0.666666666666667	0
544	0.666666666666667	0
545	0.333333333333333	0
546	0	0
547	0	-0.333333333333333
548	0	-0.333333333333333
549	0	-0.5
550	0	-0.333333333333333
551	0	-0.333333333333333
552	0	-0.166666666666667
553	0	0
554	0	0
555	0.333333333333333	0
556	0.666666666666667	0
557	1	0
558	1	0
559	1	0
560	1	0
561	1	0
562	0.666666666666667	0
563	0.666666666666667	0
564	0.333333333333333	0
565	0.166666666666667	0
566	0	0
567	0	0
568	0.166666666666667	0
569	0.333333333333333	0
570	0.333333333333333	0
571	0.666666666666667	0
572	1	0
573	1	0
574	1	0
575	1	0
576	1	0
577	1	0
578	1	0
579	1	0
580	1	0
581	1	0
582	1	0
583	1	0
584	1	0
585	1	0
586	1	0
587	1	0
588	0.666666666666667	0
589	0.333333333333333	0
590	0.166666666666667	0
591	0.166666666666667	0
592	0.333333333333333	0
593	0.333333333333333	0
594	0.666666666666667	0
595	1	0
596	1	0
597	1	0
598	1	0
599	0.833333333333333	0
600	0.666666666666667	0
601	0.666666666666667	0
602	0.666666666666667	0
603	0.666666666666667	0
604	0.666666666666667	0
605	1	0
606	1	0
607	1	0
608	1	0
609	1	0
610	1	0
611	1	0
612	1	0
613	1	0
614	1	0
615	1	0
616	1	0
617	1	0
618	0.666666666666667	0
619	0.333333333333333	0
620	0	0
621	0	-0.333333333333333
622	0	-0.666666666666667
623	0	-1
624	0	-1
625	0	-1
626	0	-1
627	0	-1
628	0	-1
629	0	-1
630	0	-1
631	0	-0.666666666666667
632	0	-0.333333333333333
633	0	0
634	0.333333333333333	0
635	0.666666666666667	0
636	0.666666666666667	0
637	0.333333333333333	0
638	0	0
639	0	-0.333333333333333
640	0	-0.666666666666667
641	0	-1
642	0	-1
643	0	-1
644	0	-0.833333333333333
645	0	-0.833333333333333
646	0	-0.666666666666667
647	0	-0.333333333333333
648	0	0
649	0	-0.166666666666667
650	0	-0.166666666666667
651	0	-0.166666666666667
652	0	-0.166666666666667
653	0	0
654	0	-0.333333333333333
655	0	-0.666666666666667
656	0	-0.666666666666667
657	0	-0.5
658	0	-0.166666666666667
659	0	-0.5
660	0	-0.5
661	0	-0.333333333333333
662	0	0
663	0	0
664	0.166666666666667	0
665	0.5	0
666	0.666666666666667	0
667	0.5	0
668	0.333333333333333	0
669	0	0
670	0	-0.333333333333333
671	0	-0.666666666666667
672	0	-0.666666666666667
673	0	-0.833333333333333
674	0	-0.833333333333333
675	0	-1
676	0	-1
677	0	-1
678	0	-1
679	0	-1
680	0	-1
681	0	-1
682	0	-1
683	0	-1
684	0	-0.666666666666667
685	0	-0.333333333333333
686	0	0
687	0.333333333333333	0
688	0.333333333333333	0
689	0.333333333333333	0
690	0.166666666666667	0
691	0	0
692	0	-0.166666666666667
693	0	0
694	0.333333333333333	0
695	0.5	0
696	0.833333333333333	0
697	1	0
698	0.666666666666667	0
699	0.333333333333333	0
700	0	0
701	0	-0.333333333333333
702	0	-0.666666666666667
703	0	-1
704	0	-1
705	0	-1
706	0	-1
707	0	-1
708	0	-1
709	0	-1
710	0	-1
711	0	-1
712	0	-1
713	0	-1
714	0	-1
715	0	-1
716	0	-1
717	0	-1
718	0	-1
719	0	-1
720	0	-1
721	0	-1
722	0	-1
723	0	-1
724	0	-0.833333333333333
725	0	-0.666666666666667
726	0	-0.5
727	0	-0.333333333333333
728	0	-0.166666666666667
729	0	0
