position	positive	negative
1	0	-0.166666666666667
2	0	-0.333333333333333
3	0	-0.5
4	0	-0.666666666666667
5	0	-0.833333333333333
6	0	-1
7	0	-1
8	0	-1
9	0	-1
10	0	-1
11	0	-1
12	0	-1
13	0	-1
14	0	-1
15	0	-1
16	0	-1
17	0	-1
18	0	-1
19	0	-1
20	0	-1
21	0	-1
22	0	-1
23	0	-1
24	0	-1
25	0	-1
26	0	-1
27	0	-1
28	0	-1
29	0	-1
30	0	-1
31	0	-1
32	0	-1
33	0	-1
34	0	-1
35	0	-1
36	0	-1
37	0	-1
38	0	-1
39	0	-1
40	0	-1
41	0	-1
42	0	-1
43	0	-1
44	0	-1
45	0	-1
46	0	-1
47	0	-1
48	0	-1
49	0	-1
50	0	-1
51	0	-1
52	0	-1
53	0	-1
54	0	-1
55	0	-1
56	0	-1
57	0	-1
58	0	-1
59	0	-1
60	0	-1
61	0	-1
62	0	-1
63	0	-1
64	0	-1
65	0	-1
66	0	-1
67	0	-1
68	0	-1
69	0	-1
70	0	-1
71	0	-1
72	0	-1
73	0	-1
74	0	-1
75	0	-1
76	0	-1
77	0	-1
78	0	-1
79	0	-1
80	0	-1
81	0	-1
82	0	-1
83	0	-1
84	0	-1
85	0	-1
86	0	-1
87	0	-1
88	0	-1
89	0	-1
90	0	-1
91	0	-1
92	0	-1
93	0	-1
94	0	-1
95	0	-1
96	0	-1
97	0	-1
98	0	-1
99	0	-1
100	0	-1
101	0	-1
102	0	-1
103	0	-1
104	0	-1
105	0	-1
106	0	-1
107	0	-1
108	0	-1
109	0	-1
110	0	-1
111	0	-1
112	0	-1
113	0	-1
114	0	-1
115	0	-1
116	0	-1
117	0	-1
118	0	-1
119	0	-1
120	0	-1
121	0	-1
122	0	-1
123	0	-1
124	0	-1
125	0	-1
126	0	-1
127	0	-1
128	0	-1
129	0	-1
130	0	-1
131	0	-1
132	0	-1
133	0	-1
134	0	-1
135	0	-1
136	0	-1
137	0	-1
138	0	-1
139	0	-1
140	0	-1
141	0	-1
142	0	-1
143	0	-1
144	0	-1
145	0	-1
146	0	-1
147	0	-1
148	0	-1
149	0	-1
150	0	-1
151	0	-1
152	0	-1
153	0	-1
154	0	-1
155	0	-1
156	0	-1
157	0	-1
158	0	-1
159	0	-1
160	0	-1
161	0	-1
162	0	-1
163	0	-1
164	0	-1
165	0	-1
166	0	-1
167	0	-1
168	0	-1
169	0	-1
170	0	-1
171	0	-1
172	0	-1
173	0	-1
174	0	-1
175	0	-1
176	0	-1
177	0	-1
178	0	-1
179	0	-1
180	0	-1
181	0	-1
182	0	-1
183	0	-1
184	0	-1
185	0	-1
186	0	-1
187	0	-1
188	0	-1
189	0	-1
190	0	-1
191	0	-1
192	0	-1
193	0	-1
194	0	-1
195	0	-1
196	0	-1
197	0	-1
198	0	-1
199	0	-1
200	0	-1
201	0	-1
202	0	-1
203	0	-1
204	0	-1
205	0	-1
206	0	-1
207	0	-1
208	0	-1
209	0	-1
210	0	-1
211	0	-1
212	0	-1
213	0	-1
214	0	-1
215	0	-1
216	0	-1
217	0	-1
218	0	-1
219	0	-1
220	0	-1
221	0	-1
222	0	-1
223	0	-1
224	0	-1
225	0	-1
226	0	-1
227	0	-1
228	0	-1
229	0	-1
230	0	-1
231	0	-1
232	0	-1
233	0	-1
234	0	-0.666666666666667
235	0	-0.333333333333333
236	0	0
237	0.333333333333333	0
238	0.333333333333333	0
239	0.666666666666667	0
240	0.666666666666667	0
241	1	0
242	1	0
243	0.666666666666667	0
244	0.333333333333333	0
245	0	0
246	0	0
247	0	0
248	0	0
249	0.333333333333333	0
250	0.666666666666667	0
251	1	0
252	1	0
253	1	0
254	1	0
255	1	0
256	1	0
257	1	0
258	1	0
259	1	0
260	1	0
261	1	0
262	1	0
263	1	0
264	1	0
265	1	0
266	1	0
267	1	0
268	1	0
269	0.666666666666667	0
270	0.666666666666667	0
271	0.666666666666667	0
272	0.666666666666667	0
273	0.666666666666667	0
274	0.666666666666667	0
275	1	0
276	1	0
277	0.666666666666667	0
278	0.666666666666667	0
279	0.666666666666667	0
280	0.333333333333333	0
281	0.333333333333333	0
282	0.333333333333333	0
283	0.666666666666667	0
284	0.666666666666667	0
285	1	0
286	1	0
287	1	0
288	1	0
289	1	0
290	0.666666666666667	0
291	0.666666666666667	0
292	0.666666666666667	0
293	0.666666666666667	0
294	1	0
295	1	0
296	1	0
297	1	0
298	1	0
299	1	0
300	1	0
301	1	0
302	0.666666666666667	0
303	0.333333333333333	0
304	0.666666666666667	0
305	0.333333333333333	0
306	0	0
307	0	-0.333333333333333
308	0	-0.333333333333333
309	0	-0.666666666666667
310	0	-0.333333333333333
311	0	-0.666666666666667
312	0	-0.666666666666667
313	0	-1
314	0	-1
315	0	-1
316	0	-1
317	0	-1
318	0	-1
319	0	-1
320	0	-1
321	0	-1
322	0	-1
323	0	-1
324	0	-1
325	0	-1
326	0	-1
327	0	-1
328	0	-1
329	0	-1
330	0	-1
331	0	-1
332	0	-1
333	0	-1
334	0	-1
335	0	-1
336	0	-1
337	0	-1
338	0	-1
339	0	-1
340	0	-1
341	0	-1
342	0	-1
343	0	-1
344	0	-1
345	0	-1
346	0	-1
347	0	-1
348	0	-1
349	0	-1
350	0	-1
351	0	-1
352	0	-1
353	0	-1
354	0	-1
355	0	-1
356	0	-1
357	0	-1
358	0	-1
359	0	-1
360	0	-1
361	0	-1
362	0	-1
363	0	-1
364	0	-1
365	0	-1
366	0	-1
367	0	-1
368	0	-1
369	0	-1
370	0	-1
371	0	-1
372	0	-1
373	0	-1
374	0	-1
375	0	-1
376	0	-1
377	0	-1
378	0	-1
379	0	-1
380	0	-1
381	0	-1
382	0	-1
383	0	-1
384	0	-1
385	0	-1
386	0	-1
387	0	-1
388	0	-1
389	0	-1
390	0	-0.666666666666667
391	0	-0.333333333333333
392	0	0
393	0.333333333333333	0
394	0.666666666666667	0
395	1	0
396	1	0
397	1	0
398	1	0
399	1	0
400	1	0
401	1	0
402	0.666666666666667	0
403	0.666666666666667	0
404	1	0
405	1	0
406	1	0
407	1	0
408	1	0
409	1	0
410	1	0
411	1	0
412	1	0
413	1	0
414	1	0
415	1	0
416	0.666666666666667	0
417	0.666666666666667	0
418	1	0
419	1	0
420	1	0
421	1	0
422	1	0
423	1	0
424	1	0
425	1	0
426	1	0
427	1	0
428	1	0
429	0.666666666666667	0
430	0.333333333333333	0
431	0.333333333333333	0
432	0.333333333333333	0
433	0.333333333333333	0
434	0	0
435	0	0
436	0.333333333333333	0
437	0	0
438	0	0
439	0	0
440	0	0
441	0	0
442	0.333333333333333	0
443	0.666666666666667	0
444	1	0
445	1	0
446	1	0
447	0.666666666666667	0
448	0.333333333333333	0
449	0	0
450	0	-0.333333333333333
451	0	-0.666666666666667
452	0	-1
453	0	-0.833333333333333
454	0	-0.666666666666667
455	0	-0.5
456	0	-0.333333333333333
457	0	-0.166666666666667
458	0	0
