position	positive	negative
1	0	-0.166666666666667
2	0	-0.333333333333333
3	0	-0.5
4	0	-0.666666666666667
5	0	-0.833333333333333
6	0	-1
7	0	-1
8	0	-1
9	0	-1
10	0	-1
11	0	-1
12	0	-1
13	0	-1
14	0	-1
15	0	-1
16	0	-1
17	0	-1
18	0	-1
19	0	-1
20	0	-1
21	0	-1
22	0	-1
23	0	-1
24	0	-1
25	0	-1
26	0	-1
27	0	-1
28	0	-1
29	0	-1
30	0	-1
31	0	-1
32	0	-1
33	0	-1
34	0	-1
35	0	-1
36	0	-1
37	0	-1
38	0	-1
39	0	-1
40	0	-1
41	0	-1
42	0	-1
43	0	-1
44	0	-1
45	0	-1
46	0	-1
47	0	-1
48	0	-1
49	0	-1
50	0	-1
51	0	-1
52	0	-1
53	0	-1
54	0	-1
55	0	-1
56	0	-1
57	0	-1
58	0	-1
59	0	-1
60	0	-1
61	0	-1
62	0	-1
63	0	-0.666666666666667
64	0	-0.333333333333333
65	0	0
66	0.333333333333333	0
67	0.666666666666667	0
68	1	0
69	1	0
70	1	0
71	1	0
72	1	0
73	1	0
74	1	0
75	1	0
76	1	0
77	1	0
78	1	0
79	1	0
80	1	0
81	1	0
82	1	0
83	1	0
84	1	0
85	1	0
86	1	0
87	1	0
88	1	0
89	1	0
90	1	0
91	1	0
92	0.666666666666667	0
93	0.666666666666667	0
94	0.666666666666667	0
95	0.666666666666667	0
96	0.666666666666667	0
97	0.666666666666667	0
98	0.666666666666667	0
99	1	0
100	1	0
101	1	0
102	0.666666666666667	0
103	0.666666666666667	0
104	0.666666666666667	0
105	0.666666666666667	0
106	0.333333333333333	0
107	0.333333333333333	0
108	0.666666666666667	0
109	0.333333333333333	0
110	0.666666666666667	0
111	0.666666666666667	0
112	0.666666666666667	0
113	0.666666666666667	0
114	0.666666666666667	0
115	1	0
116	1	0
117	1	0
118	1	0
119	1	0
120	1	0
121	1	0
122	0.666666666666667	0
123	0.666666666666667	0
124	0.333333333333333	0
125	0.333333333333333	0
126	0.333333333333333	0
127	0.333333333333333	0
128	0.333333333333333	0
129	0.666666666666667	0
130	1	0
131	1	0
132	0.833333333333333	0
133	0.833333333333333	0
134	0.5	0
135	0.333333333333333	0
136	0.333333333333333	0
137	0	0
138	0	-0.333333333333333
139	0	-0.666666666666667
140	0	-0.333333333333333
141	0	0
142	0	0
143	0	0
144	0.333333333333333	0
145	0.333333333333333	0
146	0.666666666666667	0
147	0.833333333333333	0
148	0.666666666666667	0
149	0.333333333333333	0
150	0	0
151	0	-0.333333333333333
152	0	-0.666666666666667
153	0	-1
154	0	-1
155	0	-1
156	0	-1
157	0	-1
158	0	-1
159	0	-1
160	0	-1
161	0	-1
162	0	-1
163	0	-1
164	0	-1
165	0	-1
166	0	-1
167	0	-1
168	0	-0.833333333333333
169	0	-0.666666666666667
170	0	-0.666666666666667
171	0	-0.666666666666667
172	0	-0.666666666666667
173	0	-1
174	0	-1
175	0	-1
176	0	-1
177	0	-1
178	0	-0.666666666666667
179	0	-0.333333333333333
180	0	0
181	0	0
182	0.333333333333333	0
183	0.333333333333333	0
184	0.333333333333333	0
185	0.333333333333333	0
186	0	0
187	0	-0.333333333333333
188	0	-0.666666666666667
189	0	-1
190	0	-1
191	0	-1
192	0	-1
193	0	-1
194	0	-1
195	0	-1
196	0	-1
197	0	-1
198	0	-1
199	0	-1
200	0	-1
201	0	-1
202	0	-1
203	0	-0.666666666666667
204	0	-0.333333333333333
205	0	0
206	0.333333333333333	0
207	0.666666666666667	0
208	1	0
209	0.833333333333333	0
210	0.666666666666667	0
211	1	0
212	1	0
213	1	0
214	1	0
215	1	0
216	1	0
217	1	0
218	1	0
219	1	0
220	1	0
221	1	0
222	0.666666666666667	0
223	0.5	0
224	0.333333333333333	0
225	0.333333333333333	0
226	0.333333333333333	0
227	0.333333333333333	0
228	0.666666666666667	0
229	0.666666666666667	0
230	0.666666666666667	0
231	1	0
232	1	0
233	1	0
234	1	0
235	1	0
236	1	0
237	1	0
238	1	0
239	1	0
240	1	0
241	1	0
242	1	0
243	1	0
244	1	0
245	1	0
246	1	0
247	1	0
248	1	0
249	1	0
250	1	0
251	1	0
252	1	0
253	1	0
254	1	0
255	0.666666666666667	0
256	0.666666666666667	0
257	0.666666666666667	0
258	0.666666666666667	0
259	0.666666666666667	0
260	0.666666666666667	0
261	1	0
262	1	0
263	1	0
264	1	0
265	1	0
266	1	0
267	1	0
268	1	0
269	1	0
270	1	0
271	1	0
272	1	0
273	0.666666666666667	0
274	0.333333333333333	0
275	0.333333333333333	0
276	0	0
277	0	-0.333333333333333
278	0	-0.333333333333333
279	0	-0.666666666666667
280	0	-0.666666666666667
281	0	-1
282	0	-1
283	0	-1
284	0	-1
285	0	-1
286	0	-1
287	0	-1
288	0	-1
289	0	-1
290	0	-1
291	0	-1
292	0	-1
293	0	-1
294	0	-1
295	0	-1
296	0	-1
297	0	-1
298	0	-1
299	0	-1
300	0	-1
301	0	-1
302	0	-0.666666666666667
303	0	-0.333333333333333
304	0	0
305	0.166666666666667	0
306	0.333333333333333	0
307	0.666666666666667	0
308	0.833333333333333	0
309	0.666666666666667	0
310	1	0
311	1	0
312	1	0
313	1	0
314	1	0
315	1	0
316	1	0
317	1	0
318	1	0
319	1	0
320	1	0
321	1	0
322	1	0
323	1	0
324	1	0
325	1	0
326	1	0
327	1	0
328	1	0
329	1	0
330	1	0
331	1	0
332	1	0
333	1	0
334	1	0
335	1	0
336	1	0
337	1	0
338	1	0
339	1	0
340	1	0
341	1	0
342	1	0
343	1	0
344	1	0
345	1	0
346	1	0
347	1	0
348	1	0
349	1	0
350	1	0
351	1	0
352	1	0
353	1	0
354	1	0
355	1	0
356	1	0
357	1	0
358	1	0
359	1	0
360	1	0
361	1	0
362	1	0
363	1	0
364	1	0
365	1	0
366	1	0
367	1	0
368	1	0
369	0.666666666666667	0
370	0.333333333333333	0
371	0.333333333333333	0
372	0.666666666666667	0
373	0.666666666666667	0
374	0.666666666666667	0
375	0.666666666666667	0
376	1	0
377	1	0
378	1	0
379	1	0
380	1	0
381	1	0
382	1	0
383	1	0
384	1	0
385	1	0
386	1	0
387	1	0
388	1	0
389	1	0
390	1	0
391	1	0
392	1	0
393	1	0
394	1	0
395	1	0
396	0.666666666666667	0
397	0.333333333333333	0
398	0.333333333333333	0
399	0.333333333333333	0
400	0.333333333333333	0
401	0.333333333333333	0
402	0.5	0
403	0.666666666666667	0
404	1	0
405	1	0
406	1	0
407	1	0
408	1	0
409	1	0
410	1	0
411	1	0
412	1	0
413	1	0
414	1	0
415	0.666666666666667	0
416	0.666666666666667	0
417	0.333333333333333	0
418	0.333333333333333	0
419	0.666666666666667	0
420	0.333333333333333	0
421	0.333333333333333	0
422	0	0
423	0	-0.333333333333333
424	0	-0.666666666666667
425	0	-1
426	0	-1
427	0	-1
428	0	-1
429	0	-1
430	0	-1
431	0	-1
432	0	-1
433	0	-1
434	0	-1
435	0	-1
436	0	-0.666666666666667
437	0	-0.666666666666667
438	0	-0.666666666666667
439	0	-0.666666666666667
440	0	-0.333333333333333
441	0	0
442	0	0
443	0.333333333333333	0
444	0.666666666666667	0
445	1	0
446	1	0
447	1	0
448	1	0
449	1	0
450	1	0
451	1	0
452	1	0
453	0.666666666666667	0
454	0.333333333333333	0
455	0	0
456	0	-0.333333333333333
457	0	-0.333333333333333
458	0	-0.666666666666667
459	0	-0.666666666666667
460	0	-1
461	0	-0.666666666666667
462	0	-0.666666666666667
463	0	-0.666666666666667
464	0	-0.5
465	0	-0.333333333333333
466	0	0
467	0.333333333333333	0
468	0.333333333333333	0
469	0.333333333333333	0
470	0.333333333333333	0
471	0.333333333333333	0
472	0	0
473	0	-0.333333333333333
474	0	-0.666666666666667
475	0	-0.833333333333333
476	0	-1
477	0	-1
478	0	-1
479	0	-0.666666666666667
480	0	-0.333333333333333
481	0	0
482	0.333333333333333	0
483	0.666666666666667	0
484	1	0
485	1	0
486	1	0
487	1	0
488	1	0
489	1	0
490	1	0
491	1	0
492	1	0
493	1	0
494	1	0
495	0.666666666666667	0
496	0.333333333333333	0
497	0.166666666666667	0
498	0	-0.166666666666667
499	0	-0.333333333333333
500	0	-0.333333333333333
501	0	0
502	0.333333333333333	0
503	0.666666666666667	0
504	1	0
505	0.666666666666667	0
506	0.666666666666667	0
507	1	0
508	1	0
509	1	0
510	1	0
511	1	0
512	1	0
513	1	0
514	1	0
515	1	0
516	1	0
517	1	0
518	1	0
519	1	0
520	1	0
521	1	0
522	1	0
523	1	0
524	1	0
525	1	0
526	1	0
527	1	0
528	1	0
529	1	0
530	0.666666666666667	0
531	0.333333333333333	0
532	0	0
533	0	-0.333333333333333
534	0	-0.666666666666667
535	0	-0.833333333333333
536	0	-1
537	0	-1
538	0	-1
539	0	-1
540	0	-1
541	0	-1
542	0	-0.833333333333333
543	0	-0.666666666666667
544	0	-0.5
545	0	-0.333333333333333
546	0	-0.166666666666667
547	0	0
