position	positive	negative
1	0	-0.166666666666667
2	0	-0.333333333333333
3	0	-0.5
4	0	-0.666666666666667
5	0	-0.833333333333333
6	0	-1
7	0	-1
8	0	-1
9	0	-1
10	0	-1
11	0	-1
12	0	-1
13	0	-1
14	0	-1
15	0	-1
16	0	-1
17	0	-1
18	0	-1
19	0	-1
20	0	-1
21	0	-1
22	0	-1
23	0	-1
24	0	-1
25	0	-1
26	0	-1
27	0	-1
28	0	-1
29	0	-1
30	0	-1
31	0	-1
32	0	-1
33	0	-1
34	0	-1
35	0	-1
36	0	-1
37	0	-1
38	0	-1
39	0	-1
40	0	-1
41	0	-1
42	0	-1
43	0	-1
44	0	-1
45	0	-1
46	0	-1
47	0	-1
48	0	-1
49	0	-1
50	0	-1
51	0	-1
52	0	-1
53	0	-1
54	0	-1
55	0	-1
56	0	-1
57	0	-1
58	0	-1
59	0	-1
60	0	-1
61	0	-1
62	0	-1
63	0	-1
64	0	-1
65	0	-1
66	0	-1
67	0	-1
68	0	-1
69	0	-1
70	0	-1
71	0	-1
72	0	-1
73	0	-1
74	0	-1
75	0	-1
76	0	-1
77	0	-1
78	0	-1
79	0	-1
80	0	-1
81	0	-1
82	0	-1
83	0	-1
84	0	-1
85	0	-1
86	0	-1
87	0	-1
88	0	-1
89	0	-1
90	0	-1
91	0	-1
92	0	-1
93	0	-1
94	0	-1
95	0	-1
96	0	-1
97	0	-1
98	0	-1
99	0	-1
100	0	-1
101	0	-1
102	0	-1
103	0	-1
104	0	-1
105	0	-1
106	0	-1
107	0	-1
108	0	-1
109	0	-1
110	0	-1
111	0	-1
112	0	-1
113	0	-1
114	0	-1
115	0	-1
116	0	-1
117	0	-1
118	0	-1
119	0	-1
120	0	-1
121	0	-1
122	0	-1
123	0	-1
124	0	-1
125	0	-1
126	0	-1
127	0	-1
128	0	-1
129	0	-1
130	0	-1
131	0	-1
132	0	-1
133	0	-1
134	0	-1
135	0	-1
136	0	-1
137	0	-1
138	0	-1
139	0	-1
140	0	-1
141	0	-1
142	0	-1
143	0	-1
144	0	-1
145	0	-1
146	0	-1
147	0	-1
148	0	-1
149	0	-1
150	0	-1
151	0	-1
152	0	-1
153	0	-1
154	0	-1
155	0	-1
156	0	-1
157	0	-1
158	0	-1
159	0	-1
160	0	-1
161	0	-1
162	0	-1
163	0	-1
164	0	-1
165	0	-1
166	0	-1
167	0	-1
168	0	-1
169	0	-1
170	0	-1
171	0	-1
172	0	-1
173	0	-1
174	0	-1
175	0	-1
176	0	-1
177	0	-1
178	0	-1
179	0	-1
180	0	-1
181	0	-1
182	0	-1
183	0	-1
184	0	-1
185	0	-1
186	0	-1
187	0	-1
188	0	-1
189	0	-1
190	0	-1
191	0	-1
192	0	-1
193	0	-1
194	0	-1
195	0	-1
196	0	-1
197	0	-1
198	0	-1
199	0	-1
200	0	-1
201	0	-1
202	0	-1
203	0	-1
204	0	-1
205	0	-1
206	0	-1
207	0	-1
208	0	-1
209	0	-1
210	0	-1
211	0	-1
212	0	-1
213	0	-1
214	0	-1
215	0	-1
216	0	-1
217	0	-1
218	0	-1
219	0	-1
220	0	-1
221	0	-1
222	0	-1
223	0	-1
224	0	-1
225	0	-1
226	0	-1
227	0	-1
228	0	-1
229	0	-1
230	0	-1
231	0	-1
232	0	-1
233	0	-1
234	0	-1
235	0	-1
236	0	-1
237	0	-1
238	0	-1
239	0	-1
240	0	-1
241	0	-1
242	0	-1
243	0	-1
244	0	-1
245	0	-1
246	0	-1
247	0	-1
248	0	-1
249	0	-1
250	0	-1
251	0	-1
252	0	-1
253	0	-1
254	0	-1
255	0	-1
256	0	-1
257	0	-1
258	0	-1
259	0	-1
260	0	-1
261	0	-1
262	0	-1
263	0	-1
264	0	-1
265	0	-1
266	0	-1
267	0	-1
268	0	-1
269	0	-1
270	0	-1
271	0	-1
272	0	-1
273	0	-1
274	0	-1
275	0	-1
276	0	-1
277	0	-1
278	0	-1
279	0	-1
280	0	-1
281	0	-1
282	0	-1
283	0	-1
284	0	-1
285	0	-1
286	0	-1
287	0	-1
288	0	-1
289	0	-1
290	0	-1
291	0	-1
292	0	-1
293	0	-1
294	0	-1
295	0	-0.666666666666667
296	0	-0.333333333333333
297	0	0
298	0	0
299	0	0
300	0	0
301	0	-0.333333333333333
302	0	-0.666666666666667
303	0	-1
304	0	-1
305	0	-1
306	0	-1
307	0	-1
308	0	-1
309	0	-1
310	0	-1
311	0	-1
312	0	-1
313	0	-1
314	0	-1
315	0	-1
316	0	-1
317	0	-1
318	0	-1
319	0	-1
320	0	-0.833333333333333
321	0	-0.666666666666667
322	0	-0.666666666666667
323	0	-0.5
324	0	-0.333333333333333
325	0	0
326	0.333333333333333	0
327	0.333333333333333	0
328	0.666666666666667	0
329	0.666666666666667	0
330	0.666666666666667	0
331	0.333333333333333	0
332	0	0
333	0	0
334	0	-0.333333333333333
335	0	-0.333333333333333
336	0	0
337	0.333333333333333	0
338	0.333333333333333	0
339	0	0
340	0	-0.333333333333333
341	0	-0.333333333333333
342	0	-0.666666666666667
343	0	-0.333333333333333
344	0	-0.166666666666667
345	0	-0.166666666666667
346	0	-0.166666666666667
347	0	0
348	0	-0.333333333333333
349	0	-0.5
350	0	-0.5
351	0	-0.333333333333333
352	0	-0.166666666666667
353	0	-0.333333333333333
354	0	-0.166666666666667
355	0	0
356	0.166666666666667	0
357	0.333333333333333	0
358	0.5	0
359	0.833333333333333	0
360	1	0
361	1	0
362	1	0
363	1	0
364	1	0
365	1	0
366	1	0
367	1	0
368	1	0
369	1	0
370	1	0
371	1	0
372	1	0
373	1	0
374	1	0
375	1	0
376	1	0
377	1	0
378	1	0
379	1	0
380	1	0
381	1	0
382	0.833333333333333	0
383	0.666666666666667	0
384	0.833333333333333	0
385	1	0
386	1	0
387	1	0
388	1	0
389	1	0
390	1	0
391	0.666666666666667	0
392	0.666666666666667	0
393	0.5	0
394	0.333333333333333	0
395	0.333333333333333	0
396	0.333333333333333	0
397	0.166666666666667	0
398	0.333333333333333	0
399	0.333333333333333	0
400	0.666666666666667	0
401	0.666666666666667	0
402	0.666666666666667	0
403	0.666666666666667	0
404	0.333333333333333	0
405	0	0
406	0	-0.333333333333333
407	0	-0.166666666666667
408	0	0
409	0	0
410	0.166666666666667	0
411	0.5	0
412	0.666666666666667	0
413	0.5	0
414	0.333333333333333	0
415	0.5	0
416	0.5	0
417	0.666666666666667	0
418	0.5	0
419	0.333333333333333	0
420	0.5	0
421	0.333333333333333	0
422	0.166666666666667	0
423	0.166666666666667	0
424	0.333333333333333	0
425	0.666666666666667	0
426	0.666666666666667	0
427	0.666666666666667	0
428	0.5	0
429	0.5	0
430	0.5	0
431	0.5	0
432	0.666666666666667	0
433	0.833333333333333	0
434	1	0
435	1	0
436	1	0
437	1	0
438	1	0
439	1	0
440	1	0
441	1	0
442	1	0
443	0.833333333333333	0
444	0.833333333333333	0
445	0.666666666666667	0
446	0.333333333333333	0
447	0.333333333333333	0
448	0	0
449	0	-0.333333333333333
450	0	-0.666666666666667
451	0	-0.5
452	0	-0.666666666666667
453	0	-0.333333333333333
454	0	0
455	0.333333333333333	0
456	0.666666666666667	0
457	0.666666666666667	0
458	1	0
459	1	0
460	1	0
461	1	0
462	1	0
463	1	0
464	1	0
465	1	0
466	1	0
467	1	0
468	1	0
469	1	0
470	1	0
471	1	0
472	1	0
473	1	0
474	1	0
475	1	0
476	1	0
477	1	0
478	1	0
479	1	0
480	1	0
481	1	0
482	1	0
483	1	0
484	1	0
485	1	0
486	1	0
487	1	0
488	1	0
489	1	0
490	1	0
491	1	0
492	1	0
493	1	0
494	1	0
495	1	0
496	1	0
497	1	0
498	0.833333333333333	0
499	0.666666666666667	0
500	0.5	0
501	0.333333333333333	0
502	0.166666666666667	0
503	0	0
504	0	0
505	0	0
506	0	0
507	0.166666666666667	0
508	0.333333333333333	0
509	0.333333333333333	0
510	0.333333333333333	0
511	0.5	0
512	0.5	0
513	0.166666666666667	0
514	0	0
515	0	-0.166666666666667
516	0	-0.5
517	0	-0.166666666666667
518	0	0
519	0.166666666666667	0
520	0.5	0
521	0.833333333333333	0
522	1	0
523	1	0
524	1	0
525	1	0
526	1	0
527	1	0
528	1	0
529	1	0
530	1	0
531	1	0
532	1	0
533	1	0
534	1	0
535	1	0
536	1	0
537	1	0
538	1	0
539	1	0
540	1	0
541	0.666666666666667	0
542	0.666666666666667	0
543	0.666666666666667	0
544	0.666666666666667	0
545	0.666666666666667	0
546	1	0
547	1	0
548	1	0
549	1	0
550	1	0
551	1	0
552	1	0
553	1	0
554	1	0
555	1	0
556	1	0
557	1	0
558	1	0
559	1	0
560	1	0
561	1	0
562	1	0
563	1	0
564	1	0
565	1	0
566	1	0
567	1	0
568	1	0
569	1	0
570	1	0
571	1	0
572	1	0
573	1	0
574	1	0
575	1	0
576	0.833333333333333	0
577	0.666666666666667	0
578	0.666666666666667	0
579	0.666666666666667	0
580	0.666666666666667	0
581	0.666666666666667	0
582	0.666666666666667	0
583	0.666666666666667	0
584	1	0
585	1	0
586	1	0
587	1	0
588	1	0
589	1	0
590	1	0
591	1	0
592	1	0
593	0.666666666666667	0
594	0.666666666666667	0
595	0.333333333333333	0
596	0	0
597	0.333333333333333	0
598	0.333333333333333	0
599	0.666666666666667	0
600	1	0
601	0.666666666666667	0
602	0.666666666666667	0
603	0.666666666666667	0
604	0.333333333333333	0
605	0.333333333333333	0
606	0	0
607	0	0
608	0	0
609	0	0
610	0.333333333333333	0
611	0.333333333333333	0
612	0.666666666666667	0
613	1	0
614	0.666666666666667	0
615	0.666666666666667	0
616	0.666666666666667	0
617	0.333333333333333	0
618	0.333333333333333	0
619	0	0
620	0.333333333333333	0
621	0.333333333333333	0
622	0.333333333333333	0
623	0.666666666666667	0
624	0.666666666666667	0
625	1	0
626	0.666666666666667	0
627	0.666666666666667	0
628	0.666666666666667	0
629	0.666666666666667	0
630	1	0
631	0.666666666666667	0
632	0.666666666666667	0
633	0.666666666666667	0
634	0.833333333333333	0
635	1	0
636	1	0
637	1	0
638	1	0
639	1	0
640	1	0
641	1	0
642	0.666666666666667	0
643	0.333333333333333	0
644	0.333333333333333	0
645	0	0
646	0.333333333333333	0
647	0.333333333333333	0
648	0.333333333333333	0
649	0.333333333333333	0
650	0.166666666666667	0
651	0	0
652	0	0
653	0	0
654	0	0
655	0.333333333333333	0
656	0.5	0
657	0.5	0
658	0.333333333333333	0
659	0.333333333333333	0
660	0.333333333333333	0
661	0.333333333333333	0
662	0.333333333333333	0
663	0.666666666666667	0
664	0.666666666666667	0
665	0.666666666666667	0
666	0.333333333333333	0
667	0	0
668	0	-0.333333333333333
669	0	-0.666666666666667
670	0	-1
671	0	-1
672	0	-1
673	0	-0.833333333333333
674	0	-0.666666666666667
675	0	-0.5
676	0	-0.333333333333333
677	0	-0.166666666666667
678	0	0
