position	positive	negative
1	0	-0.166666666666667
2	0	-0.333333333333333
3	0	-0.5
4	0	-0.666666666666667
5	0	-0.833333333333333
6	0	-1
7	0	-1
8	0	-1
9	0	-1
10	0	-1
11	0	-1
12	0	-1
13	0	-1
14	0	-1
15	0	-1
16	0	-1
17	0	-1
18	0	-1
19	0	-1
20	0	-1
21	0	-1
22	0	-1
23	0	-1
24	0	-1
25	0	-1
26	0	-1
27	0	-1
28	0	-1
29	0	-1
30	0	-1
31	0	-1
32	0	-1
33	0	-1
34	0	-1
35	0	-1
36	0	-1
37	0	-1
38	0	-1
39	0	-1
40	0	-1
41	0	-1
42	0	-1
43	0	-1
44	0	-1
45	0	-1
46	0	-1
47	0	-1
48	0	-1
49	0	-1
50	0	-1
51	0	-1
52	0	-1
53	0	-1
54	0	-1
55	0	-1
56	0	-1
57	0	-1
58	0	-1
59	0	-1
60	0	-1
61	0	-1
62	0	-0.666666666666667
63	0	-0.666666666666667
64	0	-0.666666666666667
65	0	-1
66	0	-0.666666666666667
67	0	-0.666666666666667
68	0	-0.333333333333333
69	0	0
70	0	-0.333333333333333
71	0	-0.333333333333333
72	0	-0.333333333333333
73	0	-0.333333333333333
74	0	0
75	0	-0.333333333333333
76	0	-0.666666666666667
77	0	-1
78	0	-1
79	0	-1
80	0	-1
81	0	-1
82	0	-1
83	0	-1
84	0	-1
85	0	-1
86	0	-1
87	0	-1
88	0	-1
89	0	-1
90	0	-1
91	0	-1
92	0	-1
93	0	-1
94	0	-1
95	0	-1
96	0	-1
97	0	-1
98	0	-1
99	0	-1
100	0	-1
101	0	-1
102	0	-1
103	0	-1
104	0	-1
105	0	-1
106	0	-1
107	0	-0.666666666666667
108	0	-0.666666666666667
109	0	-0.666666666666667
110	0	-0.333333333333333
111	0	-0.666666666666667
112	0	-1
113	0	-1
114	0	-0.666666666666667
115	0	-0.333333333333333
116	0	0
117	0.333333333333333	0
118	0.666666666666667	0
119	1	0
120	1	0
121	1	0
122	1	0
123	0.666666666666667	0
124	0.333333333333333	0
125	0	0
126	0	-0.333333333333333
127	0	-0.666666666666667
128	0	-1
129	0	-1
130	0	-0.666666666666667
131	0	-0.666666666666667
132	0	-0.666666666666667
133	0	-0.666666666666667
134	0	-0.666666666666667
135	0	-0.666666666666667
136	0	-1
137	0	-1
138	0	-1
139	0	-1
140	0	-1
141	0	-1
142	0	-1
143	0	-1
144	0	-1
145	0	-1
146	0	-1
147	0	-0.666666666666667
148	0	-0.333333333333333
149	0	0
150	0	0
151	0	0
152	0	0
153	0.333333333333333	0
154	0	0
155	0	-0.333333333333333
156	0	-0.333333333333333
157	0	-0.333333333333333
158	0	-0.666666666666667
159	0	-0.666666666666667
160	0	-0.333333333333333
161	0	0
162	0	0
163	0	-0.333333333333333
164	0	-0.333333333333333
165	0	-0.333333333333333
166	0	-0.333333333333333
167	0	0
168	0.333333333333333	0
169	0.666666666666667	0
170	1	0
171	1	0
172	1	0
173	1	0
174	1	0
175	1	0
176	0.666666666666667	0
177	0.333333333333333	0
178	0	0
179	0	-0.333333333333333
180	0	-0.666666666666667
181	0	-1
182	0	-1
183	0	-1
184	0	-1
185	0	-1
186	0	-1
187	0	-1
188	0	-1
189	0	-0.666666666666667
190	0	-0.666666666666667
191	0	-0.333333333333333
192	0	-0.333333333333333
193	0	-0.333333333333333
194	0	0
195	0.333333333333333	0
196	0.666666666666667	0
197	0.666666666666667	0
198	0.666666666666667	0
199	0.666666666666667	0
200	0.666666666666667	0
201	0.666666666666667	0
202	0.666666666666667	0
203	0.666666666666667	0
204	0.666666666666667	0
205	0.666666666666667	0
206	0.666666666666667	0
207	0.666666666666667	0
208	0.333333333333333	0
209	0.333333333333333	0
210	0	0
211	0	-0.333333333333333
212	0	-0.666666666666667
213	0	-1
214	0	-1
215	0	-1
216	0	-1
217	0	-1
218	0	-1
219	0	-1
220	0	-1
221	0	-1
222	0	-1
223	0	-1
224	0	-1
225	0	-1
226	0	-1
227	0	-0.666666666666667
228	0	-0.666666666666667
229	0	-0.333333333333333
230	0	0
231	0.333333333333333	0
232	0	0
233	0	-0.333333333333333
234	0	-0.333333333333333
235	0	-0.666666666666667
236	0	-0.666666666666667
237	0	-1
238	0	-1
239	0	-0.666666666666667
240	0	-0.333333333333333
241	0	0
242	0	0
243	0.333333333333333	0
244	0.666666666666667	0
245	1	0
246	1	0
247	1	0
248	1	0
249	1	0
250	1	0
251	1	0
252	0.666666666666667	0
253	0.333333333333333	0
254	0.333333333333333	0
255	0.333333333333333	0
256	0.333333333333333	0
257	0	0
258	0	-0.333333333333333
259	0	-0.333333333333333
260	0	-0.333333333333333
261	0	-0.666666666666667
262	0	-1
263	0	-1
264	0	-1
265	0	-1
266	0	-1
267	0	-1
268	0	-1
269	0	-0.666666666666667
270	0	-0.666666666666667
271	0	-0.666666666666667
272	0	-0.333333333333333
273	0	0
274	0.333333333333333	0
275	0.333333333333333	0
276	0.666666666666667	0
277	1	0
278	1	0
279	1	0
280	1	0
281	1	0
282	1	0
283	0.666666666666667	0
284	0.333333333333333	0
285	0	0
286	0	-0.333333333333333
287	0	-0.666666666666667
288	0	-1
289	0	-1
290	0	-1
291	0	-1
292	0	-1
293	0	-1
294	0	-1
295	0	-0.666666666666667
296	0	-0.333333333333333
297	0	0
298	0.333333333333333	0
299	0.666666666666667	0
300	1	0
301	1	0
302	1	0
303	1	0
304	1	0
305	1	0
306	1	0
307	1	0
308	1	0
309	1	0
310	1	0
311	1	0
312	1	0
313	1	0
314	1	0
315	1	0
316	1	0
317	1	0
318	0.666666666666667	0
319	0.333333333333333	0
320	0	0
321	0	0
322	0	0
323	0	0
324	0	0
325	0	-0.333333333333333
326	0	-0.333333333333333
327	0	-0.666666666666667
328	0	-0.666666666666667
329	0	-0.666666666666667
330	0	-0.333333333333333
331	0	0
332	0.333333333333333	0
333	0.666666666666667	0
334	1	0
335	1	0
336	1	0
337	1	0
338	1	0
339	1	0
340	1	0
341	1	0
342	1	0
343	1	0
344	1	0
345	1	0
346	1	0
347	1	0
348	1	0
349	1	0
350	1	0
351	1	0
352	1	0
353	1	0
354	1	0
355	1	0
356	1	0
357	1	0
358	0.666666666666667	0
359	0.333333333333333	0
360	0	0
361	0	-0.333333333333333
362	0	-0.666666666666667
363	0	-1
364	0	-1
365	0	-1
366	0	-1
367	0	-1
368	0	-1
369	0	-0.666666666666667
370	0	-0.666666666666667
371	0	-0.666666666666667
372	0	-0.333333333333333
373	0	0
374	0.333333333333333	0
375	0.666666666666667	0
376	0.666666666666667	0
377	1	0
378	1	0
379	1	0
380	1	0
381	1	0
382	0.666666666666667	0
383	0.666666666666667	0
384	1	0
385	1	0
386	1	0
387	1	0
388	1	0
389	1	0
390	1	0
391	0.666666666666667	0
392	0.333333333333333	0
393	0	0
394	0	-0.333333333333333
395	0	-0.333333333333333
396	0	-0.666666666666667
397	0	-1
398	0	-1
399	0	-1
400	0	-1
401	0	-1
402	0	-1
403	0	-1
404	0	-1
405	0	-1
406	0	-1
407	0	-1
408	0	-1
409	0	-1
410	0	-1
411	0	-1
412	0	-1
413	0	-1
414	0	-1
415	0	-1
416	0	-1
417	0	-1
418	0	-1
419	0	-1
420	0	-1
421	0	-1
422	0	-1
423	0	-1
424	0	-1
425	0	-1
426	0	-1
427	0	-1
428	0	-1
429	0	-1
430	0	-1
431	0	-1
432	0	-1
433	0	-1
434	0	-1
435	0	-1
436	0	-1
437	0	-1
438	0	-1
439	0	-1
440	0	-1
441	0	-1
442	0	-1
443	0	-1
444	0	-1
445	0	-1
446	0	-1
447	0	-1
448	0	-1
449	0	-1
450	0	-1
451	0	-1
452	0	-1
453	0	-1
454	0	-1
455	0	-1
456	0	-1
457	0	-1
458	0	-1
459	0	-1
460	0	-1
461	0	-1
462	0	-1
463	0	-1
464	0	-1
465	0	-1
466	0	-1
467	0	-1
468	0	-1
469	0	-1
470	0	-1
471	0	-1
472	0	-1
473	0	-1
474	0	-1
475	0	-1
476	0	-1
477	0	-1
478	0	-1
479	0	-1
480	0	-1
481	0	-1
482	0	-1
483	0	-1
484	0	-1
485	0	-1
486	0	-1
487	0	-1
488	0	-1
489	0	-1
490	0	-1
491	0	-1
492	0	-1
493	0	-1
494	0	-1
495	0	-1
496	0	-1
497	0	-1
498	0	-1
499	0	-1
500	0	-1
501	0	-1
502	0	-1
503	0	-1
504	0	-1
505	0	-1
506	0	-1
507	0	-1
508	0	-1
509	0	-0.666666666666667
510	0	-0.666666666666667
511	0	-0.333333333333333
512	0	-0.333333333333333
513	0	0
514	0	0
515	0.333333333333333	0
516	0.666666666666667	0
517	0.666666666666667	0
518	0.666666666666667	0
519	0.666666666666667	0
520	0.666666666666667	0
521	0.666666666666667	0
522	0.666666666666667	0
523	0.666666666666667	0
524	0.333333333333333	0
525	0	0
526	0	-0.333333333333333
527	0	-0.333333333333333
528	0	0
529	0	0
530	0	0
531	0.333333333333333	0
532	0.666666666666667	0
533	0.333333333333333	0
534	0	0
535	0	0
536	0	-0.333333333333333
537	0	-0.333333333333333
538	0	-0.333333333333333
539	0	0
540	0.333333333333333	0
541	0.666666666666667	0
542	0.666666666666667	0
543	0.333333333333333	0
544	0	0
545	0	-0.333333333333333
546	0	-0.666666666666667
547	0	-0.666666666666667
548	0	-1
549	0	-1
550	0	-1
551	0	-1
552	0	-1
553	0	-1
554	0	-1
555	0	-1
556	0	-1
557	0	-1
558	0	-1
559	0	-1
560	0	-1
561	0	-1
562	0	-1
563	0	-1
564	0	-1
565	0	-1
566	0	-1
567	0	-1
568	0	-1
569	0	-1
570	0	-1
571	0	-1
572	0	-1
573	0	-1
574	0	-1
575	0	-1
576	0	-1
577	0	-1
578	0	-1
579	0	-1
580	0	-1
581	0	-1
582	0	-1
583	0	-1
584	0	-1
585	0	-1
586	0	-1
587	0	-1
588	0	-1
589	0	-1
590	0	-1
591	0	-1
592	0	-1
593	0	-1
594	0	-1
595	0	-1
596	0	-1
597	0	-1
598	0	-1
599	0	-1
600	0	-0.666666666666667
601	0	-0.666666666666667
602	0	-0.333333333333333
603	0	-0.333333333333333
604	0	0
605	0	0
606	0.333333333333333	0
607	0.333333333333333	0
608	0.333333333333333	0
609	0.666666666666667	0
610	1	0
611	1	0
612	0.666666666666667	0
613	0.333333333333333	0
614	0	0
615	0	-0.333333333333333
616	0	-0.666666666666667
617	0	-1
618	0	-1
619	0	-1
620	0	-1
621	0	-1
622	0	-1
623	0	-0.666666666666667
624	0	-0.333333333333333
625	0	0
626	0.333333333333333	0
627	0.666666666666667	0
628	1	0
629	1	0
630	1	0
631	1	0
632	1	0
633	0.666666666666667	0
634	0.333333333333333	0
635	0	0
636	0	-0.333333333333333
637	0	-0.666666666666667
638	0	-1
639	0	-1
640	0	-1
641	0	-1
642	0	-1
643	0	-1
644	0	-1
645	0	-1
646	0	-1
647	0	-1
648	0	-1
649	0	-1
650	0	-1
651	0	-1
652	0	-1
653	0	-1
654	0	-1
655	0	-1
656	0	-1
657	0	-1
658	0	-1
659	0	-1
660	0	-1
661	0	-1
662	0	-0.666666666666667
663	0	-0.333333333333333
664	0	0
665	0.333333333333333	0
666	0.666666666666667	0
667	1	0
668	1	0
669	1	0
670	1	0
671	1	0
672	1	0
673	1	0
674	1	0
675	1	0
676	1	0
677	1	0
678	1	0
679	1	0
680	1	0
681	1	0
682	1	0
683	1	0
684	1	0
685	1	0
686	1	0
687	1	0
688	1	0
689	1	0
690	1	0
691	1	0
692	1	0
693	1	0
694	1	0
695	1	0
696	1	0
697	1	0
698	1	0
699	1	0
700	0.666666666666667	0
701	0.333333333333333	0
702	0	0
703	0	-0.333333333333333
704	0	-0.666666666666667
705	0	-1
706	0	-1
707	0	-1
708	0	-1
709	0	-1
710	0	-1
711	0	-1
712	0	-0.666666666666667
713	0	-0.333333333333333
714	0	0
715	0.333333333333333	0
716	0.666666666666667	0
717	1	0
718	1	0
719	1	0
720	1	0
721	1	0
722	0.666666666666667	0
723	0.333333333333333	0
724	0	0
725	0	0
726	0	0
727	0	0
728	0.333333333333333	0
729	0.666666666666667	0
730	1	0
731	1	0
732	1	0
733	1	0
734	1	0
735	1	0
736	1	0
737	1	0
738	1	0
739	1	0
740	1	0
741	1	0
742	1	0
743	1	0
744	1	0
745	1	0
746	1	0
747	0.666666666666667	0
748	0.333333333333333	0
749	0	0
750	0	-0.333333333333333
751	0	-0.666666666666667
752	0	-1
753	0	-1
754	0	-1
755	0	-1
756	0	-0.666666666666667
757	0	-0.333333333333333
758	0	0
759	0.333333333333333	0
760	0.666666666666667	0
761	1	0
762	1	0
763	1	0
764	1	0
765	1	0
766	1	0
767	1	0
768	1	0
769	1	0
770	1	0
771	1	0
772	1	0
773	1	0
774	1	0
775	1	0
776	1	0
777	1	0
778	1	0
779	1	0
780	1	0
781	1	0
782	1	0
783	1	0
784	1	0
785	1	0
786	1	0
787	0.666666666666667	0
788	0.666666666666667	0
789	0.333333333333333	0
790	0	0
791	0	0
792	0	-0.333333333333333
793	0	0
794	0	0
795	0.333333333333333	0
796	0.666666666666667	0
797	1	0
798	0.666666666666667	0
799	1	0
800	0.666666666666667	0
801	0.666666666666667	0
802	0.333333333333333	0
803	0	0
804	0	-0.333333333333333
805	0	-0.333333333333333
806	0	0
807	0.333333333333333	0
808	0.333333333333333	0
809	0.666666666666667	0
810	0.666666666666667	0
811	0.666666666666667	0
812	1	0
813	1	0
814	1	0
815	1	0
816	1	0
817	1	0
818	1	0
819	1	0
820	1	0
821	1	0
822	1	0
823	1	0
824	1	0
825	1	0
826	1	0
827	1	0
828	1	0
829	1	0
830	1	0
831	1	0
832	1	0
833	1	0
834	1	0
835	1	0
836	1	0
837	1	0
838	1	0
839	1	0
840	1	0
841	1	0
842	1	0
843	1	0
844	1	0
845	1	0
846	1	0
847	1	0
848	1	0
849	1	0
850	1	0
851	1	0
852	1	0
853	1	0
854	1	0
855	1	0
856	0.666666666666667	0
857	0.333333333333333	0
858	0	0
859	0	0
860	0	-0.333333333333333
861	0	-0.666666666666667
862	0	-1
863	0	-1
864	0	-1
865	0	-1
866	0	-1
867	0	-1
868	0	-0.666666666666667
869	0	-0.666666666666667
870	0	-0.333333333333333
871	0	0
872	0.333333333333333	0
873	0.666666666666667	0
874	0.666666666666667	0
875	1	0
876	1	0
877	1	0
878	1	0
879	1	0
880	1	0
881	1	0
882	1	0
883	1	0
884	1	0
885	1	0
886	1	0
887	1	0
888	1	0
889	1	0
890	1	0
891	1	0
892	1	0
893	1	0
894	1	0
895	1	0
896	1	0
897	1	0
898	1	0
899	1	0
900	1	0
901	1	0
902	1	0
903	1	0
904	1	0
905	1	0
906	1	0
907	1	0
908	1	0
909	1	0
910	0.666666666666667	0
911	0.333333333333333	0
912	0	0
913	0	-0.333333333333333
914	0	-0.666666666666667
915	0	-1
916	0	-1
917	0	-1
918	0	-1
919	0	-1
920	0	-1
921	0	-1
922	0	-1
923	0	-1
924	0	-1
925	0	-1
926	0	-1
927	0	-1
928	0	-1
929	0	-1
930	0	-1
931	0	-1
932	0	-1
933	0	-1
934	0	-1
935	0	-1
936	0	-1
937	0	-1
938	0	-1
939	0	-1
940	0	-1
941	0	-1
942	0	-1
943	0	-1
944	0	-1
945	0	-1
946	0	-1
947	0	-1
948	0	-1
949	0	-0.666666666666667
950	0	-0.333333333333333
951	0	0
952	0.333333333333333	0
953	0.666666666666667	0
954	1	0
955	1	0
956	1	0
957	1	0
958	1	0
959	1	0
960	1	0
961	1	0
962	1	0
963	1	0
964	0.666666666666667	0
965	1	0
966	0.666666666666667	0
967	0.333333333333333	0
968	0	0
969	0	-0.333333333333333
970	0	-0.666666666666667
971	0	-0.666666666666667
972	0	-0.333333333333333
973	0	0
974	0.333333333333333	0
975	0.666666666666667	0
976	1	0
977	1	0
978	1	0
979	1	0
980	1	0
981	0.666666666666667	0
982	1	0
983	1	0
984	1	0
985	1	0
986	1	0
987	1	0
988	1	0
989	0.666666666666667	0
990	0.666666666666667	0
991	0.666666666666667	0
992	0.666666666666667	0
993	0.666666666666667	0
994	0.666666666666667	0
995	1	0
996	0.666666666666667	0
997	0.333333333333333	0
998	0	0
999	0	-0.333333333333333
1000	0	-0.666666666666667
1001	0	-1
1002	0	-1
1003	0	-1
1004	0	-1
1005	0	-1
1006	0	-1
1007	0	-1
1008	0	-1
1009	0	-1
1010	0	-1
1011	0	-1
1012	0	-1
1013	0	-1
1014	0	-1
1015	0	-1
1016	0	-1
1017	0	-1
1018	0	-1
1019	0	-1
1020	0	-1
1021	0	-1
1022	0	-1
1023	0	-1
1024	0	-1
1025	0	-1
1026	0	-1
1027	0	-1
1028	0	-1
1029	0	-1
1030	0	-1
1031	0	-1
1032	0	-1
1033	0	-1
1034	0	-1
1035	0	-1
1036	0	-1
1037	0	-1
1038	0	-1
1039	0	-1
1040	0	-1
1041	0	-1
1042	0	-1
1043	0	-1
1044	0	-1
1045	0	-1
1046	0	-1
1047	0	-1
1048	0	-1
1049	0	-1
1050	0	-1
1051	0	-1
1052	0	-1
1053	0	-1
1054	0	-1
1055	0	-1
1056	0	-1
1057	0	-1
1058	0	-1
1059	0	-1
1060	0	-1
1061	0	-1
1062	0	-1
1063	0	-1
1064	0	-1
1065	0	-1
1066	0	-1
1067	0	-1
1068	0	-1
1069	0	-1
1070	0	-1
1071	0	-1
1072	0	-1
1073	0	-1
1074	0	-1
1075	0	-1
1076	0	-1
1077	0	-1
1078	0	-1
1079	0	-1
1080	0	-1
1081	0	-1
1082	0	-1
1083	0	-1
1084	0	-0.666666666666667
1085	0	-0.333333333333333
1086	0	0
1087	0.333333333333333	0
1088	0.666666666666667	0
1089	0.666666666666667	0
1090	0.333333333333333	0
1091	0.333333333333333	0
1092	0	0
1093	0	-0.333333333333333
1094	0	-0.333333333333333
1095	0	-0.666666666666667
1096	0	-1
1097	0	-1
1098	0	-1
1099	0	-1
1100	0	-0.666666666666667
1101	0	-0.666666666666667
1102	0	-0.666666666666667
1103	0	-0.333333333333333
1104	0	0
1105	0	0
1106	0	-0.333333333333333
1107	0	-0.333333333333333
1108	0	-0.666666666666667
1109	0	-1
1110	0	-1
1111	0	-1
1112	0	-1
1113	0	-1
1114	0	-1
1115	0	-1
1116	0	-1
1117	0	-1
1118	0	-0.666666666666667
1119	0	-0.333333333333333
1120	0	0
1121	0.333333333333333	0
1122	0.666666666666667	0
1123	1	0
1124	1	0
1125	1	0
1126	1	0
1127	1	0
1128	1	0
1129	1	0
1130	0.666666666666667	0
1131	0.666666666666667	0
1132	0.333333333333333	0
1133	0	0
1134	0	-0.333333333333333
1135	0	-0.333333333333333
1136	0	-0.333333333333333
1137	0	0
1138	0.333333333333333	0
1139	0.666666666666667	0
1140	1	0
1141	1	0
1142	1	0
1143	0.666666666666667	0
1144	0.333333333333333	0
1145	0	0
1146	0	-0.333333333333333
1147	0	-0.666666666666667
1148	0	-1
1149	0	-1
1150	0	-1
1151	0	-1
1152	0	-0.666666666666667
1153	0	-0.333333333333333
1154	0	0
1155	0.333333333333333	0
1156	0.666666666666667	0
1157	1	0
1158	1	0
1159	1	0
1160	1	0
1161	1	0
1162	1	0
1163	1	0
1164	1	0
1165	0.666666666666667	0
1166	0.333333333333333	0
1167	0	0
1168	0	-0.333333333333333
1169	0	-0.666666666666667
1170	0	-1
1171	0	-1
1172	0	-1
1173	0	-1
1174	0	-0.666666666666667
1175	0	-0.333333333333333
1176	0	0
1177	0.333333333333333	0
1178	0.333333333333333	0
1179	0.333333333333333	0
1180	0	0
1181	0	-0.333333333333333
1182	0	-0.666666666666667
1183	0	-0.666666666666667
1184	0	-1
1185	0	-1
1186	0	-1
1187	0	-0.666666666666667
1188	0	-0.666666666666667
1189	0	-0.666666666666667
1190	0	-0.333333333333333
1191	0	-0.333333333333333
1192	0	0
1193	0	-0.333333333333333
1194	0	-0.666666666666667
1195	0	-0.333333333333333
1196	0	-0.333333333333333
1197	0	0
1198	0	0
1199	0	0
1200	0.333333333333333	0
1201	0	0
1202	0	0
1203	0	0
1204	0	0
1205	0	0
1206	0	0
1207	0	0
1208	0	-0.333333333333333
1209	0	-0.333333333333333
1210	0	-0.666666666666667
1211	0	-0.666666666666667
1212	0	-0.666666666666667
1213	0	-0.666666666666667
1214	0	-1
1215	0	-1
1216	0	-1
1217	0	-1
1218	0	-1
1219	0	-0.666666666666667
1220	0	-0.666666666666667
1221	0	-0.666666666666667
1222	0	-0.333333333333333
1223	0	-0.333333333333333
1224	0	-0.666666666666667
1225	0	-0.666666666666667
1226	0	-0.666666666666667
1227	0	-0.666666666666667
1228	0	-1
1229	0	-1
1230	0	-1
1231	0	-1
1232	0	-1
1233	0	-1
1234	0	-1
1235	0	-1
1236	0	-1
1237	0	-1
1238	0	-1
1239	0	-1
1240	0	-1
1241	0	-1
1242	0	-1
1243	0	-1
1244	0	-1
1245	0	-1
1246	0	-1
1247	0	-1
1248	0	-1
1249	0	-1
1250	0	-1
1251	0	-1
1252	0	-1
1253	0	-1
1254	0	-1
1255	0	-1
1256	0	-1
1257	0	-1
1258	0	-1
1259	0	-1
1260	0	-1
1261	0	-1
1262	0	-1
1263	0	-1
1264	0	-1
1265	0	-1
1266	0	-1
1267	0	-1
1268	0	-1
1269	0	-1
1270	0	-1
1271	0	-1
1272	0	-1
1273	0	-1
1274	0	-1
1275	0	-1
1276	0	-1
1277	0	-1
1278	0	-1
1279	0	-1
1280	0	-1
1281	0	-1
1282	0	-1
1283	0	-1
1284	0	-1
1285	0	-1
1286	0	-1
1287	0	-1
1288	0	-1
1289	0	-1
1290	0	-1
1291	0	-1
1292	0	-1
1293	0	-1
1294	0	-1
1295	0	-1
1296	0	-1
1297	0	-1
1298	0	-1
1299	0	-0.666666666666667
1300	0	-0.333333333333333
1301	0	0
1302	0	0
1303	0	0
1304	0	0
1305	0	0
1306	0	0
1307	0	0
1308	0.333333333333333	0
1309	0	0
1310	0	-0.333333333333333
1311	0	-0.666666666666667
1312	0	-0.666666666666667
1313	0	-0.333333333333333
1314	0	-0.666666666666667
1315	0	-0.666666666666667
1316	0	-0.333333333333333
1317	0	0
1318	0	0
1319	0	0
1320	0.333333333333333	0
1321	0.666666666666667	0
1322	1	0
1323	0.666666666666667	0
1324	0.333333333333333	0
1325	0.333333333333333	0
1326	0.666666666666667	0
1327	0.666666666666667	0
1328	0.333333333333333	0
1329	0	0
1330	0	-0.333333333333333
1331	0	-0.666666666666667
1332	0	-1
1333	0	-1
1334	0	-1
1335	0	-1
1336	0	-1
1337	0	-1
1338	0	-1
1339	0	-1
1340	0	-1
1341	0	-1
1342	0	-1
1343	0	-1
1344	0	-1
1345	0	-1
1346	0	-1
1347	0	-1
1348	0	-1
1349	0	-1
1350	0	-1
1351	0	-1
1352	0	-1
1353	0	-1
1354	0	-1
1355	0	-1
1356	0	-1
1357	0	-1
1358	0	-1
1359	0	-1
1360	0	-1
1361	0	-1
1362	0	-1
1363	0	-1
1364	0	-1
1365	0	-1
1366	0	-1
1367	0	-1
1368	0	-1
1369	0	-1
1370	0	-1
1371	0	-1
1372	0	-1
1373	0	-1
1374	0	-1
1375	0	-1
1376	0	-1
1377	0	-1
1378	0	-1
1379	0	-1
1380	0	-1
1381	0	-1
1382	0	-1
1383	0	-1
1384	0	-1
1385	0	-1
1386	0	-1
1387	0	-1
1388	0	-1
1389	0	-1
1390	0	-1
1391	0	-1
1392	0	-1
1393	0	-1
1394	0	-1
1395	0	-1
1396	0	-1
1397	0	-1
1398	0	-1
1399	0	-1
1400	0	-1
1401	0	-1
1402	0	-1
1403	0	-1
1404	0	-1
1405	0	-1
1406	0	-1
1407	0	-1
1408	0	-1
1409	0	-1
1410	0	-1
1411	0	-1
1412	0	-1
1413	0	-1
1414	0	-1
1415	0	-1
1416	0	-1
1417	0	-1
1418	0	-1
1419	0	-1
1420	0	-1
1421	0	-1
1422	0	-1
1423	0	-1
1424	0	-1
1425	0	-1
1426	0	-1
1427	0	-1
1428	0	-1
1429	0	-1
1430	0	-1
1431	0	-1
1432	0	-1
1433	0	-1
1434	0	-1
1435	0	-1
1436	0	-1
1437	0	-1
1438	0	-1
1439	0	-1
1440	0	-1
1441	0	-1
1442	0	-1
1443	0	-1
1444	0	-1
1445	0	-1
1446	0	-1
1447	0	-1
1448	0	-1
1449	0	-1
1450	0	-1
1451	0	-1
1452	0	-1
1453	0	-1
1454	0	-1
1455	0	-1
1456	0	-1
1457	0	-1
1458	0	-1
1459	0	-1
1460	0	-1
1461	0	-1
1462	0	-1
1463	0	-1
1464	0	-1
1465	0	-1
1466	0	-1
1467	0	-1
1468	0	-1
1469	0	-1
1470	0	-1
1471	0	-1
1472	0	-1
1473	0	-1
1474	0	-1
1475	0	-1
1476	0	-1
1477	0	-1
1478	0	-1
1479	0	-1
1480	0	-1
1481	0	-1
1482	0	-1
1483	0	-1
1484	0	-1
1485	0	-1
1486	0	-1
1487	0	-1
1488	0	-1
1489	0	-1
1490	0	-1
1491	0	-1
1492	0	-1
1493	0	-1
1494	0	-1
1495	0	-1
1496	0	-1
1497	0	-1
1498	0	-1
1499	0	-1
1500	0	-1
1501	0	-1
1502	0	-1
1503	0	-1
1504	0	-1
1505	0	-0.833333333333333
1506	0	-0.666666666666667
1507	0	-0.5
1508	0	-0.333333333333333
1509	0	-0.166666666666667
1510	0	0
