position	positive	negative
1	0	-0.166666666666667
2	0	-0.333333333333333
3	0	-0.5
4	0	-0.666666666666667
5	0	-0.833333333333333
6	0	-1
7	0	-1
8	0	-1
9	0	-1
10	0	-1
11	0	-1
12	0	-1
13	0	-1
14	0	-1
15	0	-1
16	0	-1
17	0	-1
18	0	-1
19	0	-1
20	0	-1
21	0	-1
22	0	-1
23	0	-1
24	0	-1
25	0	-1
26	0	-1
27	0	-1
28	0	-1
29	0	-1
30	0	-1
31	0	-1
32	0	-1
33	0	-1
34	0	-1
35	0	-1
36	0	-1
37	0	-1
38	0	-1
39	0	-1
40	0	-1
41	0	-1
42	0	-1
43	0	-1
44	0	-1
45	0	-1
46	0	-1
47	0	-1
48	0	-1
49	0	-1
50	0	-1
51	0	-1
52	0	-1
53	0	-1
54	0	-1
55	0	-1
56	0	-1
57	0	-1
58	0	-1
59	0	-1
60	0	-1
61	0	-1
62	0	-1
63	0	-1
64	0	-1
65	0	-1
66	0	-1
67	0	-1
68	0	-1
69	0	-1
70	0	-1
71	0	-1
72	0	-1
73	0	-1
74	0	-1
75	0	-1
76	0	-1
77	0	-1
78	0	-1
79	0	-1
80	0	-1
81	0	-1
82	0	-1
83	0	-1
84	0	-1
85	0	-1
86	0	-1
87	0	-1
88	0	-1
89	0	-1
90	0	-1
91	0	-1
92	0	-1
93	0	-1
94	0	-1
95	0	-1
96	0	-1
97	0	-1
98	0	-1
99	0	-1
100	0	-1
101	0	-1
102	0	-1
103	0	-1
104	0	-1
105	0	-1
106	0	-1
107	0	-1
108	0	-1
109	0	-1
110	0	-1
111	0	-1
112	0	-1
113	0	-1
114	0	-1
115	0	-1
116	0	-1
117	0	-1
118	0	-1
119	0	-1
120	0	-1
121	0	-1
122	0	-1
123	0	-1
124	0	-1
125	0	-1
126	0	-1
127	0	-1
128	0	-1
129	0	-1
130	0	-1
131	0	-1
132	0	-1
133	0	-1
134	0	-1
135	0	-1
136	0	-1
137	0	-1
138	0	-1
139	0	-1
140	0	-1
141	0	-1
142	0	-1
143	0	-1
144	0	-1
145	0	-1
146	0	-1
147	0	-1
148	0	-1
149	0	-1
150	0	-1
151	0	-1
152	0	-1
153	0	-1
154	0	-1
155	0	-1
156	0	-1
157	0	-1
158	0	-1
159	0	-1
160	0	-1
161	0	-1
162	0	-1
163	0	-1
164	0	-1
165	0	-1
166	0	-1
167	0	-1
168	0	-1
169	0	-1
170	0	-1
171	0	-1
172	0	-1
173	0	-1
174	0	-0.666666666666667
175	0	-0.333333333333333
176	0	0
177	0.333333333333333	0
178	0.666666666666667	0
179	0.666666666666667	0
180	0.333333333333333	0
181	0.333333333333333	0
182	0	0
183	0	-0.333333333333333
184	0	-0.5
185	0	-0.333333333333333
186	0	0
187	0	-0.166666666666667
188	0	0
189	0.166666666666667	0
190	0.5	0
191	0.833333333333333	0
192	1	0
193	1	0
194	1	0
195	1	0
196	1	0
197	1	0
198	1	0
199	0.666666666666667	0
200	0.333333333333333	0
201	0.333333333333333	0
202	0.5	0
203	0.333333333333333	0
204	0.5	0
205	0.666666666666667	0
206	1	0
207	0.666666666666667	0
208	0.333333333333333	0
209	0	0
210	0	-0.333333333333333
211	0	-0.666666666666667
212	0	-0.833333333333333
213	0	-1
214	0	-1
215	0	-1
216	0	-1
217	0	-1
218	0	-1
219	0	-1
220	0	-1
221	0	-1
222	0	-1
223	0	-1
224	0	-1
225	0	-1
226	0	-1
227	0	-1
228	0	-1
229	0	-1
230	0	-1
231	0	-1
232	0	-0.833333333333333
233	0	-0.666666666666667
234	0	-0.333333333333333
235	0	0
236	0.333333333333333	0
237	0.666666666666667	0
238	1	0
239	1	0
240	1	0
241	1	0
242	1	0
243	1	0
244	1	0
245	1	0
246	1	0
247	1	0
248	1	0
249	1	0
250	1	0
251	1	0
252	1	0
253	1	0
254	1	0
255	1	0
256	0.666666666666667	0
257	0.666666666666667	0
258	0.666666666666667	0
259	0.666666666666667	0
260	0.666666666666667	0
261	0.666666666666667	0
262	1	0
263	1	0
264	1	0
265	1	0
266	1	0
267	1	0
268	0.666666666666667	0
269	0.666666666666667	0
270	0.666666666666667	0
271	0.333333333333333	0
272	0	0
273	0	0
274	0	0
275	0	0
276	0	0
277	0	0
278	0	0
279	0.333333333333333	0
280	0.333333333333333	0
281	0.333333333333333	0
282	0.333333333333333	0
283	0.333333333333333	0
284	0	0
285	0	-0.333333333333333
286	0	-0.333333333333333
287	0	-0.666666666666667
288	0	-1
289	0	-1
290	0	-1
291	0	-1
292	0	-0.666666666666667
293	0	-0.666666666666667
294	0	-0.666666666666667
295	0	-0.333333333333333
296	0	-0.166666666666667
297	0	-0.166666666666667
298	0	-0.333333333333333
299	0	-0.333333333333333
300	0	-0.333333333333333
301	0	-0.333333333333333
302	0	-0.666666666666667
303	0	-1
304	0	-1
305	0	-1
306	0	-1
307	0	-0.833333333333333
308	0	-0.5
309	0	-0.333333333333333
310	0	-0.5
311	0	-0.666666666666667
312	0	-0.666666666666667
313	0	-1
314	0	-1
315	0	-1
316	0	-1
317	0	-1
318	0	-1
319	0	-1
320	0	-1
321	0	-1
322	0	-1
323	0	-1
324	0	-1
325	0	-1
326	0	-1
327	0	-1
328	0	-1
329	0	-1
330	0	-1
331	0	-1
332	0	-1
333	0	-1
334	0	-1
335	0	-1
336	0	-1
337	0	-1
338	0	-1
339	0	-1
340	0	-1
341	0	-1
342	0	-1
343	0	-1
344	0	-1
345	0	-1
346	0	-1
347	0	-1
348	0	-1
349	0	-1
350	0	-1
351	0	-1
352	0	-1
353	0	-1
354	0	-1
355	0	-1
356	0	-1
357	0	-1
358	0	-1
359	0	-1
360	0	-1
361	0	-1
362	0	-1
363	0	-1
364	0	-1
365	0	-1
366	0	-1
367	0	-1
368	0	-1
369	0	-1
370	0	-0.833333333333333
371	0	-0.666666666666667
372	0	-0.5
373	0	-0.333333333333333
374	0	-0.166666666666667
375	0	0
