position	positive	negative
1	0	-0.166666666666667
2	0	-0.333333333333333
3	0	-0.5
4	0	-0.666666666666667
5	0	-0.833333333333333
6	0	-1
7	0	-1
8	0	-1
9	0	-1
10	0	-1
11	0	-1
12	0	-1
13	0	-1
14	0	-1
15	0	-1
16	0	-1
17	0	-1
18	0	-1
19	0	-1
20	0	-1
21	0	-1
22	0	-1
23	0	-1
24	0	-1
25	0	-1
26	0	-1
27	0	-1
28	0	-1
29	0	-1
30	0	-1
31	0	-1
32	0	-1
33	0	-1
34	0	-1
35	0	-1
36	0	-1
37	0	-1
38	0	-1
39	0	-1
40	0	-1
41	0	-1
42	0	-1
43	0	-1
44	0	-1
45	0	-1
46	0	-1
47	0	-1
48	0	-1
49	0	-1
50	0	-1
51	0	-1
52	0	-1
53	0	-1
54	0	-1
55	0	-1
56	0	-1
57	0	-1
58	0	-1
59	0	-1
60	0	-1
61	0	-1
62	0	-1
63	0	-1
64	0	-1
65	0	-1
66	0	-1
67	0	-1
68	0	-1
69	0	-1
70	0	-1
71	0	-1
72	0	-1
73	0	-1
74	0	-0.666666666666667
75	0	-0.333333333333333
76	0	0
77	0.333333333333333	0
78	0.666666666666667	0
79	1	0
80	1	0
81	1	0
82	1	0
83	1	0
84	1	0
85	1	0
86	1	0
87	1	0
88	1	0
89	1	0
90	1	0
91	1	0
92	1	0
93	1	0
94	1	0
95	1	0
96	1	0
97	1	0
98	1	0
99	1	0
100	1	0
101	1	0
102	1	0
103	1	0
104	1	0
105	1	0
106	1	0
107	1	0
108	1	0
109	1	0
110	1	0
111	1	0
112	1	0
113	1	0
114	1	0
115	1	0
116	1	0
117	1	0
118	1	0
119	1	0
120	1	0
121	1	0
122	1	0
123	0.666666666666667	0
124	0.666666666666667	0
125	0.333333333333333	0
126	0	0
127	0	0
128	0.333333333333333	0
129	0.666666666666667	0
130	1	0
131	1	0
132	1	0
133	1	0
134	1	0
135	1	0
136	1	0
137	1	0
138	1	0
139	1	0
140	1	0
141	0.666666666666667	0
142	0.333333333333333	0
143	0.333333333333333	0
144	0.333333333333333	0
145	0.333333333333333	0
146	0.666666666666667	0
147	0.666666666666667	0
148	0.666666666666667	0
149	1	0
150	1	0
151	1	0
152	1	0
153	1	0
154	1	0
155	1	0
156	1	0
157	1	0
158	1	0
159	1	0
160	1	0
161	1	0
162	1	0
163	1	0
164	1	0
165	1	0
166	1	0
167	1	0
168	1	0
169	1	0
170	1	0
171	1	0
172	1	0
173	1	0
174	1	0
175	1	0
176	1	0
177	1	0
178	1	0
179	1	0
180	1	0
181	1	0
182	0.666666666666667	0
183	1	0
184	1	0
185	1	0
186	1	0
187	1	0
188	1	0
189	1	0
190	1	0
191	1	0
192	1	0
193	1	0
194	1	0
195	1	0
196	1	0
197	1	0
198	1	0
199	1	0
200	1	0
201	1	0
202	1	0
203	1	0
204	1	0
205	1	0
206	1	0
207	1	0
208	0.666666666666667	0
209	0.666666666666667	0
210	0.333333333333333	0
211	0	0
212	0	-0.333333333333333
213	0	-0.666666666666667
214	0	-0.666666666666667
215	0	-1
216	0	-1
217	0	-1
218	0	-1
219	0	-1
220	0	-0.666666666666667
221	0	-0.333333333333333
222	0	0
223	0.333333333333333	0
224	0.666666666666667	0
225	0.666666666666667	0
226	1	0
227	1	0
228	1	0
229	1	0
230	1	0
231	1	0
232	1	0
233	1	0
234	1	0
235	0.666666666666667	0
236	0.666666666666667	0
237	0.666666666666667	0
238	0.666666666666667	0
239	0.666666666666667	0
240	1	0
241	1	0
242	1	0
243	1	0
244	1	0
245	1	0
246	1	0
247	1	0
248	1	0
249	1	0
250	1	0
251	1	0
252	1	0
253	1	0
254	1	0
255	1	0
256	1	0
257	1	0
258	1	0
259	1	0
260	1	0
261	0.666666666666667	0
262	0.333333333333333	0
263	0	0
264	0	-0.333333333333333
265	0	-0.333333333333333
266	0	-0.666666666666667
267	0	-1
268	0	-1
269	0	-1
270	0	-1
271	0	-1
272	0	-1
273	0	-1
274	0	-0.666666666666667
275	0	-0.333333333333333
276	0	0
277	0.333333333333333	0
278	0.666666666666667	0
279	0.666666666666667	0
280	0.666666666666667	0
281	1	0
282	1	0
283	1	0
284	1	0
285	1	0
286	1	0
287	1	0
288	1	0
289	1	0
290	1	0
291	1	0
292	1	0
293	1	0
294	1	0
295	1	0
296	1	0
297	1	0
298	1	0
299	1	0
300	1	0
301	1	0
302	1	0
303	1	0
304	0.666666666666667	0
305	0.333333333333333	0
306	0.333333333333333	0
307	0	0
308	0	0
309	0	0
310	0.333333333333333	0
311	0.666666666666667	0
312	1	0
313	1	0
314	1	0
315	1	0
316	1	0
317	1	0
318	1	0
319	1	0
320	1	0
321	1	0
322	1	0
323	1	0
324	1	0
325	1	0
326	1	0
327	1	0
328	1	0
329	1	0
330	1	0
331	1	0
332	0.666666666666667	0
333	0.333333333333333	0
334	0	0
335	0	-0.333333333333333
336	0	-0.333333333333333
337	0	-0.666666666666667
338	0	-0.333333333333333
339	0	-0.333333333333333
340	0	-0.333333333333333
341	0	-0.333333333333333
342	0	-0.333333333333333
343	0	-0.333333333333333
344	0	-0.333333333333333
345	0	-0.666666666666667
346	0	-0.666666666666667
347	0	-1
348	0	-1
349	0	-1
350	0	-1
351	0	-1
352	0	-1
353	0	-1
354	0	-1
355	0	-1
356	0	-1
357	0	-1
358	0	-1
359	0	-1
360	0	-1
361	0	-1
362	0	-1
363	0	-1
364	0	-1
365	0	-1
366	0	-1
367	0	-1
368	0	-1
369	0	-1
370	0	-1
371	0	-1
372	0	-1
373	0	-1
374	0	-1
375	0	-1
376	0	-0.666666666666667
377	0	-0.333333333333333
378	0	-0.333333333333333
379	0	0
380	0	0
381	0.333333333333333	0
382	0	0
383	0	0
384	0	0
385	0	-0.333333333333333
386	0	-0.666666666666667
387	0	-1
388	0	-1
389	0	-1
390	0	-1
391	0	-0.666666666666667
392	0	-0.666666666666667
393	0	-0.333333333333333
394	0	-0.333333333333333
395	0	0
396	0	0
397	0	0
398	0	0
399	0	0
400	0.333333333333333	0
401	0.333333333333333	0
402	0.333333333333333	0
403	0.666666666666667	0
404	0.666666666666667	0
405	0.666666666666667	0
406	1	0
407	1	0
408	1	0
409	0.666666666666667	0
410	0.666666666666667	0
411	0.666666666666667	0
412	0.666666666666667	0
413	0.333333333333333	0
414	0.333333333333333	0
415	0.333333333333333	0
416	0.666666666666667	0
417	0.666666666666667	0
418	0.666666666666667	0
419	1	0
420	1	0
421	1	0
422	1	0
423	1	0
424	1	0
425	1	0
426	1	0
427	1	0
428	1	0
429	1	0
430	1	0
431	1	0
432	0.666666666666667	0
433	0.666666666666667	0
434	0.333333333333333	0
435	0	0
436	0	-0.333333333333333
437	0	-0.666666666666667
438	0	-1
439	0	-1
440	0	-1
441	0	-1
442	0	-1
443	0	-1
444	0	-0.666666666666667
445	0	-0.333333333333333
446	0	0
447	0.333333333333333	0
448	0.333333333333333	0
449	0.666666666666667	0
450	0.666666666666667	0
451	0.333333333333333	0
452	0.333333333333333	0
453	0	0
454	0.333333333333333	0
455	0.333333333333333	0
456	0.333333333333333	0
457	0.333333333333333	0
458	0.666666666666667	0
459	0.666666666666667	0
460	1	0
461	0.666666666666667	0
462	0.333333333333333	0
463	0	0
464	0	0
465	0	-0.333333333333333
466	0	-0.666666666666667
467	0	-1
468	0	-1
469	0	-1
470	0	-1
471	0	-1
472	0	-1
473	0	-1
474	0	-1
475	0	-1
476	0	-0.833333333333333
477	0	-0.666666666666667
478	0	-0.5
479	0	-0.333333333333333
480	0	-0.166666666666667
481	0	0
