position	positive	negative
1	0	-0.166666666666667
2	0	-0.333333333333333
3	0	-0.5
4	0	-0.666666666666667
5	0	-0.833333333333333
6	0	-1
7	0	-1
8	0	-1
9	0	-1
10	0	-1
11	0	-1
12	0	-1
13	0	-1
14	0	-1
15	0	-1
16	0	-1
17	0	-1
18	0	-1
19	0	-1
20	0	-1
21	0	-1
22	0	-1
23	0	-1
24	0	-1
25	0	-1
26	0	-1
27	0	-1
28	0	-1
29	0	-1
30	0	-1
31	0	-1
32	0	-1
33	0	-1
34	0	-1
35	0	-1
36	0	-1
37	0	-1
38	0	-1
39	0	-1
40	0	-1
41	0	-1
42	0	-1
43	0	-1
44	0	-0.666666666666667
45	0	-0.333333333333333
46	0	-0.333333333333333
47	0	0
48	0	0
49	0	0
50	0.333333333333333	0
51	0.333333333333333	0
52	0.333333333333333	0
53	0.333333333333333	0
54	0.333333333333333	0
55	0	0
56	0	0
57	0	0
58	0	-0.333333333333333
59	0	-0.666666666666667
60	0	-1
61	0	-1
62	0	-1
63	0	-1
64	0	-1
65	0	-1
66	0	-1
67	0	-1
68	0	-1
69	0	-1
70	0	-1
71	0	-1
72	0	-1
73	0	-1
74	0	-1
75	0	-1
76	0	-1
77	0	-1
78	0	-1
79	0	-1
80	0	-1
81	0	-1
82	0	-1
83	0	-1
84	0	-1
85	0	-1
86	0	-1
87	0	-1
88	0	-1
89	0	-1
90	0	-1
91	0	-1
92	0	-1
93	0	-1
94	0	-1
95	0	-1
96	0	-1
97	0	-1
98	0	-1
99	0	-1
100	0	-1
101	0	-1
102	0	-1
103	0	-1
104	0	-0.666666666666667
105	0	-0.333333333333333
106	0	0
107	0	0
108	0	0
109	0	-0.333333333333333
110	0	0
111	0	0
112	0.333333333333333	0
113	0.333333333333333	0
114	0.666666666666667	0
115	1	0
116	0.666666666666667	0
117	0.666666666666667	0
118	0.666666666666667	0
119	0.333333333333333	0
120	0	0
121	0	-0.333333333333333
122	0	-0.333333333333333
123	0	-0.666666666666667
124	0	-1
125	0	-1
126	0	-1
127	0	-1
128	0	-1
129	0	-1
130	0	-1
131	0	-1
132	0	-1
133	0	-1
134	0	-1
135	0	-1
136	0	-1
137	0	-1
138	0	-1
139	0	-1
140	0	-1
141	0	-1
142	0	-1
143	0	-1
144	0	-1
145	0	-1
146	0	-1
147	0	-1
148	0	-1
149	0	-1
150	0	-1
151	0	-1
152	0	-1
153	0	-0.666666666666667
154	0	-0.333333333333333
155	0	0
156	0.333333333333333	0
157	0.666666666666667	0
158	1	0
159	1	0
160	1	0
161	1	0
162	1	0
163	1	0
164	1	0
165	1	0
166	1	0
167	1	0
168	1	0
169	1	0
170	1	0
171	1	0
172	1	0
173	1	0
174	1	0
175	1	0
176	1	0
177	1	0
178	1	0
179	1	0
180	1	0
181	1	0
182	1	0
183	1	0
184	1	0
185	1	0
186	1	0
187	1	0
188	1	0
189	1	0
190	1	0
191	1	0
192	1	0
193	1	0
194	1	0
195	1	0
196	1	0
197	1	0
198	1	0
199	1	0
200	0.666666666666667	0
201	0.333333333333333	0
202	0.333333333333333	0
203	0.333333333333333	0
204	0.333333333333333	0
205	0.333333333333333	0
206	0.666666666666667	0
207	1	0
208	1	0
209	1	0
210	1	0
211	1	0
212	1	0
213	1	0
214	1	0
215	1	0
216	1	0
217	1	0
218	1	0
219	1	0
220	1	0
221	1	0
222	1	0
223	1	0
224	1	0
225	1	0
226	1	0
227	1	0
228	1	0
229	1	0
230	1	0
231	1	0
232	1	0
233	1	0
234	1	0
235	1	0
236	1	0
237	1	0
238	1	0
239	1	0
240	1	0
241	1	0
242	1	0
243	1	0
244	1	0
245	1	0
246	1	0
247	1	0
248	1	0
249	1	0
250	1	0
251	1	0
252	1	0
253	1	0
254	1	0
255	1	0
256	1	0
257	1	0
258	1	0
259	1	0
260	1	0
261	1	0
262	1	0
263	1	0
264	1	0
265	1	0
266	1	0
267	1	0
268	1	0
269	1	0
270	1	0
271	1	0
272	1	0
273	1	0
274	1	0
275	1	0
276	1	0
277	1	0
278	1	0
279	1	0
280	1	0
281	1	0
282	1	0
283	1	0
284	1	0
285	1	0
286	0.666666666666667	0
287	0.666666666666667	0
288	0.666666666666667	0
289	0.666666666666667	0
290	0.666666666666667	0
291	0.666666666666667	0
292	1	0
293	1	0
294	1	0
295	0.666666666666667	0
296	0.333333333333333	0
297	0	0
298	0	-0.333333333333333
299	0	-0.666666666666667
300	0	-0.666666666666667
301	0	-1
302	0	-1
303	0	-1
304	0	-1
305	0	-1
306	0	-1
307	0	-0.666666666666667
308	0	-0.666666666666667
309	0	-0.666666666666667
310	0	-0.666666666666667
311	0	-0.666666666666667
312	0	-0.666666666666667
313	0	-0.333333333333333
314	0	0
315	0	0
316	0.333333333333333	0
317	0.666666666666667	0
318	0.666666666666667	0
319	0.666666666666667	0
320	0.666666666666667	0
321	0.666666666666667	0
322	0.666666666666667	0
323	0.333333333333333	0
324	0.333333333333333	0
325	0	0
326	0	0
327	0	-0.333333333333333
328	0	-0.333333333333333
329	0	-0.666666666666667
330	0	-0.333333333333333
331	0	-0.333333333333333
332	0	0
333	0	0
334	0.333333333333333	0
335	0.333333333333333	0
336	0	0
337	0	0
338	0	-0.333333333333333
339	0	-0.666666666666667
340	0	-1
341	0	-1
342	0	-1
343	0	-1
344	0	-1
345	0	-1
346	0	-1
347	0	-1
348	0	-1
349	0	-1
350	0	-1
351	0	-1
352	0	-1
353	0	-1
354	0	-1
355	0	-1
356	0	-1
357	0	-1
358	0	-1
359	0	-1
360	0	-1
361	0	-1
362	0	-1
363	0	-1
364	0	-1
365	0	-1
366	0	-1
367	0	-1
368	0	-1
369	0	-1
370	0	-1
371	0	-1
372	0	-0.833333333333333
373	0	-0.666666666666667
374	0	-0.5
375	0	-0.333333333333333
376	0	-0.166666666666667
377	0	0
