position	positive	negative
1	0	-0.166666666666667
2	0	-0.333333333333333
3	0	-0.5
4	0	-0.666666666666667
5	0	-0.833333333333333
6	0	-1
7	0	-1
8	0	-1
9	0	-1
10	0	-1
11	0	-1
12	0	-1
13	0	-1
14	0	-1
15	0	-1
16	0	-1
17	0	-1
18	0	-1
19	0	-1
20	0	-1
21	0	-1
22	0	-1
23	0	-1
24	0	-1
25	0	-1
26	0	-1
27	0	-1
28	0	-1
29	0	-1
30	0	-1
31	0	-1
32	0	-1
33	0	-1
34	0	-1
35	0	-1
36	0	-1
37	0	-1
38	0	-1
39	0	-1
40	0	-1
41	0	-1
42	0	-1
43	0	-1
44	0	-1
45	0	-1
46	0	-1
47	0	-1
48	0	-1
49	0	-1
50	0	-1
51	0	-1
52	0	-1
53	0	-1
54	0	-1
55	0	-1
56	0	-1
57	0	-1
58	0	-1
59	0	-1
60	0	-1
61	0	-1
62	0	-1
63	0	-1
64	0	-1
65	0	-1
66	0	-1
67	0	-1
68	0	-1
69	0	-1
70	0	-1
71	0	-1
72	0	-1
73	0	-1
74	0	-1
75	0	-1
76	0	-1
77	0	-1
78	0	-1
79	0	-1
80	0	-1
81	0	-1
82	0	-1
83	0	-1
84	0	-1
85	0	-1
86	0	-1
87	0	-1
88	0	-1
89	0	-1
90	0	-1
91	0	-1
92	0	-1
93	0	-1
94	0	-1
95	0	-1
96	0	-1
97	0	-1
98	0	-1
99	0	-1
100	0	-1
101	0	-1
102	0	-1
103	0	-1
104	0	-1
105	0	-1
106	0	-1
107	0	-1
108	0	-1
109	0	-1
110	0	-1
111	0	-1
112	0	-1
113	0	-1
114	0	-1
115	0	-1
116	0	-1
117	0	-1
118	0	-1
119	0	-1
120	0	-1
121	0	-1
122	0	-1
123	0	-1
124	0	-1
125	0	-1
126	0	-1
127	0	-1
128	0	-1
129	0	-1
130	0	-0.666666666666667
131	0	-0.333333333333333
132	0	-0.333333333333333
133	0	0
134	0.333333333333333	0
135	0.666666666666667	0
136	1	0
137	1	0
138	1	0
139	1	0
140	1	0
141	1	0
142	0.666666666666667	0
143	0.666666666666667	0
144	0.666666666666667	0
145	0.666666666666667	0
146	0.666666666666667	0
147	0.666666666666667	0
148	0.666666666666667	0
149	0.666666666666667	0
150	1	0
151	1	0
152	1	0
153	1	0
154	1	0
155	1	0
156	1	0
157	1	0
158	1	0
159	1	0
160	1	0
161	1	0
162	1	0
163	1	0
164	1	0
165	1	0
166	1	0
167	1	0
168	1	0
169	1	0
170	1	0
171	1	0
172	1	0
173	1	0
174	1	0
175	1	0
176	1	0
177	1	0
178	1	0
179	1	0
180	1	0
181	1	0
182	1	0
183	1	0
184	1	0
185	1	0
186	1	0
187	1	0
188	1	0
189	1	0
190	1	0
191	1	0
192	1	0
193	1	0
194	1	0
195	1	0
196	1	0
197	1	0
198	1	0
199	1	0
200	1	0
201	1	0
202	1	0
203	1	0
204	1	0
205	1	0
206	1	0
207	1	0
208	1	0
209	1	0
210	1	0
211	1	0
212	1	0
213	1	0
214	1	0
215	1	0
216	1	0
217	1	0
218	1	0
219	1	0
220	1	0
221	1	0
222	1	0
223	1	0
224	1	0
225	1	0
226	1	0
227	1	0
228	1	0
229	1	0
230	1	0
231	1	0
232	1	0
233	1	0
234	1	0
235	1	0
236	1	0
237	1	0
238	1	0
239	1	0
240	1	0
241	1	0
242	1	0
243	1	0
244	1	0
245	1	0
246	1	0
247	1	0
248	1	0
249	1	0
250	1	0
251	1	0
252	1	0
253	1	0
254	1	0
255	1	0
256	1	0
257	1	0
258	1	0
259	1	0
260	1	0
261	1	0
262	1	0
263	1	0
264	1	0
265	0.666666666666667	0
266	0.666666666666667	0
267	1	0
268	1	0
269	1	0
270	1	0
271	1	0
272	1	0
273	1	0
274	1	0
275	1	0
276	1	0
277	1	0
278	1	0
279	0.666666666666667	0
280	0.333333333333333	0
281	0	0
282	0	-0.333333333333333
283	0	-0.666666666666667
284	0	-1
285	0	-1
286	0	-1
287	0	-1
288	0	-1
289	0	-1
290	0	-1
291	0	-1
292	0	-1
293	0	-1
294	0	-1
295	0	-1
296	0	-1
297	0	-1
298	0	-1
299	0	-1
300	0	-1
301	0	-1
302	0	-1
303	0	-1
304	0	-1
305	0	-1
306	0	-1
307	0	-1
308	0	-1
309	0	-1
310	0	-1
311	0	-1
312	0	-1
313	0	-1
314	0	-1
315	0	-1
316	0	-1
317	0	-1
318	0	-1
319	0	-1
320	0	-1
321	0	-1
322	0	-1
323	0	-1
324	0	-1
325	0	-1
326	0	-1
327	0	-1
328	0	-1
329	0	-1
330	0	-1
331	0	-1
332	0	-1
333	0	-1
334	0	-1
335	0	-1
336	0	-1
337	0	-1
338	0	-0.666666666666667
339	0	-0.333333333333333
340	0	-0.333333333333333
341	0	0
342	0.333333333333333	0
343	0.333333333333333	0
344	0.333333333333333	0
345	0.333333333333333	0
346	0.666666666666667	0
347	0.666666666666667	0
348	0.333333333333333	0
349	0	0
350	0	0
351	0	-0.333333333333333
352	0	-0.666666666666667
353	0	-1
354	0	-1
355	0	-1
356	0	-1
357	0	-1
358	0	-1
359	0	-1
360	0	-1
361	0	-1
362	0	-1
363	0	-1
364	0	-1
365	0	-1
366	0	-1
367	0	-1
368	0	-1
369	0	-1
370	0	-1
371	0	-1
372	0	-1
373	0	-1
374	0	-1
375	0	-1
376	0	-1
377	0	-1
378	0	-1
379	0	-1
380	0	-1
381	0	-1
382	0	-1
383	0	-1
384	0	-1
385	0	-1
386	0	-1
387	0	-1
388	0	-1
389	0	-1
390	0	-1
391	0	-1
392	0	-1
393	0	-1
394	0	-1
395	0	-1
396	0	-1
397	0	-1
398	0	-1
399	0	-1
400	0	-1
401	0	-1
402	0	-1
403	0	-1
404	0	-1
405	0	-1
406	0	-1
407	0	-1
408	0	-1
409	0	-1
410	0	-1
411	0	-1
412	0	-1
413	0	-1
414	0	-1
415	0	-1
416	0	-1
417	0	-1
418	0	-1
419	0	-1
420	0	-1
421	0	-1
422	0	-1
423	0	-1
424	0	-1
425	0	-1
426	0	-1
427	0	-1
428	0	-0.666666666666667
429	0	-0.666666666666667
430	0	-0.333333333333333
431	0	0
432	0.333333333333333	0
433	0.666666666666667	0
434	1	0
435	1	0
436	1	0
437	1	0
438	1	0
439	1	0
440	1	0
441	1	0
442	1	0
443	1	0
444	1	0
445	1	0
446	1	0
447	1	0
448	1	0
449	1	0
450	1	0
451	1	0
452	1	0
453	1	0
454	1	0
455	1	0
456	1	0
457	1	0
458	1	0
459	1	0
460	1	0
461	1	0
462	1	0
463	1	0
464	1	0
465	1	0
466	1	0
467	1	0
468	1	0
469	1	0
470	1	0
471	1	0
472	1	0
473	1	0
474	1	0
475	1	0
476	1	0
477	1	0
478	1	0
479	1	0
480	1	0
481	1	0
482	1	0
483	1	0
484	1	0
485	1	0
486	1	0
487	1	0
488	1	0
489	1	0
490	1	0
491	1	0
492	1	0
493	1	0
494	1	0
495	1	0
496	1	0
497	1	0
498	1	0
499	1	0
500	1	0
501	1	0
502	1	0
503	1	0
504	1	0
505	1	0
506	1	0
507	1	0
508	1	0
509	1	0
510	1	0
511	1	0
512	1	0
513	0.666666666666667	0
514	0.333333333333333	0
515	0	0
516	0	-0.333333333333333
517	0	-0.666666666666667
518	0	-1
519	0	-1
520	0	-1
521	0	-1
522	0	-1
523	0	-1
524	0	-1
525	0	-1
526	0	-1
527	0	-1
528	0	-0.666666666666667
529	0	-0.333333333333333
530	0	0
531	0.333333333333333	0
532	0.666666666666667	0
533	1	0
534	1	0
535	1	0
536	1	0
537	1	0
538	1	0
539	1	0
540	1	0
541	1	0
542	1	0
543	1	0
544	1	0
545	1	0
546	0.666666666666667	0
547	0.666666666666667	0
548	0.666666666666667	0
549	1	0
550	1	0
551	1	0
552	1	0
553	1	0
554	1	0
555	1	0
556	1	0
557	1	0
558	1	0
559	1	0
560	1	0
561	1	0
562	1	0
563	1	0
564	1	0
565	1	0
566	1	0
567	1	0
568	1	0
569	1	0
570	1	0
571	1	0
572	1	0
573	1	0
574	1	0
575	1	0
576	1	0
577	1	0
578	1	0
579	1	0
580	1	0
581	1	0
582	1	0
583	1	0
584	1	0
585	0.666666666666667	0
586	0.333333333333333	0
587	0	0
588	0	-0.333333333333333
589	0	-0.666666666666667
590	0	-1
591	0	-1
592	0	-1
593	0	-0.666666666666667
594	0	-0.333333333333333
595	0	0
596	0.333333333333333	0
597	0.666666666666667	0
598	1	0
599	1	0
600	1	0
601	1	0
602	1	0
603	1	0
604	1	0
605	1	0
606	1	0
607	1	0
608	1	0
609	1	0
610	1	0
611	1	0
612	1	0
613	1	0
614	1	0
615	1	0
616	1	0
617	1	0
618	1	0
619	1	0
620	1	0
621	1	0
622	1	0
623	1	0
624	1	0
625	1	0
626	1	0
627	1	0
628	1	0
629	1	0
630	1	0
631	1	0
632	1	0
633	1	0
634	1	0
635	1	0
636	1	0
637	1	0
638	1	0
639	1	0
640	1	0
641	1	0
642	1	0
643	1	0
644	1	0
645	1	0
646	1	0
647	1	0
648	1	0
649	1	0
650	1	0
651	1	0
652	1	0
653	1	0
654	1	0
655	1	0
656	1	0
657	1	0
658	1	0
659	1	0
660	1	0
661	1	0
662	1	0
663	1	0
664	1	0
665	1	0
666	1	0
667	1	0
668	1	0
669	1	0
670	1	0
671	1	0
672	1	0
673	1	0
674	1	0
675	1	0
676	1	0
677	1	0
678	1	0
679	1	0
680	1	0
681	1	0
682	1	0
683	1	0
684	1	0
685	1	0
686	1	0
687	1	0
688	1	0
689	1	0
690	1	0
691	1	0
692	1	0
693	1	0
694	1	0
695	1	0
696	1	0
697	1	0
698	1	0
699	1	0
700	1	0
701	1	0
702	1	0
703	1	0
704	1	0
705	1	0
706	1	0
707	1	0
708	1	0
709	1	0
710	1	0
711	1	0
712	1	0
713	1	0
714	1	0
715	1	0
716	1	0
717	1	0
718	1	0
719	1	0
720	1	0
721	1	0
722	1	0
723	1	0
724	1	0
725	1	0
726	1	0
727	1	0
728	1	0
729	1	0
730	1	0
731	1	0
732	1	0
733	1	0
734	1	0
735	1	0
736	1	0
737	1	0
738	1	0
739	1	0
740	1	0
741	1	0
742	1	0
743	1	0
744	1	0
745	1	0
746	1	0
747	1	0
748	1	0
749	1	0
750	1	0
751	1	0
752	1	0
753	1	0
754	1	0
755	1	0
756	1	0
757	1	0
758	1	0
759	1	0
760	1	0
761	1	0
762	1	0
763	1	0
764	1	0
765	1	0
766	1	0
767	1	0
768	1	0
769	1	0
770	1	0
771	1	0
772	1	0
773	1	0
774	1	0
775	1	0
776	1	0
777	1	0
778	1	0
779	1	0
780	1	0
781	1	0
782	1	0
783	1	0
784	1	0
785	1	0
786	1	0
787	1	0
788	1	0
789	1	0
790	0.666666666666667	0
791	1	0
792	1	0
793	0.666666666666667	0
794	0.333333333333333	0
795	0	0
796	0	-0.333333333333333
797	0	-0.666666666666667
798	0	-1
799	0	-1
800	0	-1
801	0	-1
802	0	-1
803	0	-1
804	0	-1
805	0	-1
806	0	-1
807	0	-1
808	0	-1
809	0	-1
810	0	-1
811	0	-1
812	0	-1
813	0	-1
814	0	-1
815	0	-1
816	0	-1
817	0	-1
818	0	-1
819	0	-1
820	0	-1
821	0	-1
822	0	-1
823	0	-1
824	0	-1
825	0	-1
826	0	-1
827	0	-1
828	0	-1
829	0	-1
830	0	-1
831	0	-1
832	0	-1
833	0	-1
834	0	-1
835	0	-1
836	0	-1
837	0	-1
838	0	-1
839	0	-1
840	0	-1
841	0	-1
842	0	-1
843	0	-1
844	0	-1
845	0	-1
846	0	-1
847	0	-0.666666666666667
848	0	-0.333333333333333
849	0	0
850	0.333333333333333	0
851	0.666666666666667	0
852	1	0
853	1	0
854	1	0
855	1	0
856	1	0
857	1	0
858	1	0
859	1	0
860	1	0
861	1	0
862	1	0
863	1	0
864	1	0
865	1	0
866	1	0
867	1	0
868	1	0
869	1	0
870	1	0
871	1	0
872	1	0
873	1	0
874	1	0
875	1	0
876	1	0
877	1	0
878	1	0
879	1	0
880	1	0
881	1	0
882	1	0
883	1	0
884	1	0
885	1	0
886	1	0
887	1	0
888	1	0
889	1	0
890	1	0
891	1	0
892	1	0
893	1	0
894	1	0
895	1	0
896	1	0
897	1	0
898	1	0
899	1	0
900	1	0
901	1	0
902	1	0
903	1	0
904	1	0
905	1	0
906	1	0
907	1	0
908	1	0
909	1	0
910	1	0
911	1	0
912	1	0
913	1	0
914	1	0
915	1	0
916	1	0
917	1	0
918	1	0
919	1	0
920	1	0
921	1	0
922	1	0
923	1	0
924	1	0
925	1	0
926	1	0
927	1	0
928	1	0
929	1	0
930	1	0
931	1	0
932	1	0
933	1	0
934	1	0
935	1	0
936	1	0
937	1	0
938	1	0
939	1	0
940	1	0
941	1	0
942	1	0
943	1	0
944	1	0
945	0.666666666666667	0
946	0.333333333333333	0
947	0	0
948	0	-0.333333333333333
949	0	-0.333333333333333
950	0	-0.333333333333333
951	0	-0.333333333333333
952	0	0
953	0.333333333333333	0
954	0.333333333333333	0
955	0.666666666666667	0
956	1	0
957	1	0
958	1	0
959	1	0
960	1	0
961	1	0
962	1	0
963	1	0
964	1	0
965	1	0
966	1	0
967	1	0
968	1	0
969	1	0
970	1	0
971	1	0
972	1	0
973	1	0
974	1	0
975	1	0
976	1	0
977	1	0
978	0.666666666666667	0
979	0.333333333333333	0
980	0	0
981	0	-0.333333333333333
982	0	-0.333333333333333
983	0	-0.666666666666667
984	0	-1
985	0	-1
986	0	-1
987	0	-1
988	0	-1
989	0	-1
990	0	-1
991	0	-1
992	0	-1
993	0	-1
994	0	-1
995	0	-1
996	0	-1
997	0	-1
998	0	-1
999	0	-1
1000	0	-1
1001	0	-1
1002	0	-1
1003	0	-1
1004	0	-1
1005	0	-1
1006	0	-1
1007	0	-1
1008	0	-1
1009	0	-0.666666666666667
1010	0	-0.333333333333333
1011	0	0
1012	0	-0.333333333333333
1013	0	-0.333333333333333
1014	0	-0.333333333333333
1015	0	-0.333333333333333
1016	0	-0.333333333333333
1017	0	0
1018	0	0
1019	0.333333333333333	0
1020	0	0
1021	0	-0.333333333333333
1022	0	-0.666666666666667
1023	0	-1
1024	0	-1
1025	0	-1
1026	0	-1
1027	0	-1
1028	0	-1
1029	0	-1
1030	0	-1
1031	0	-1
1032	0	-1
1033	0	-1
1034	0	-1
1035	0	-1
1036	0	-1
1037	0	-1
1038	0	-1
1039	0	-1
1040	0	-1
1041	0	-1
1042	0	-1
1043	0	-1
1044	0	-1
1045	0	-1
1046	0	-1
1047	0	-0.833333333333333
1048	0	-0.666666666666667
1049	0	-0.5
1050	0	-0.333333333333333
1051	0	-0.166666666666667
1052	0	0
