position	positive	negative
1	0	-0.166666666666667
2	0	-0.333333333333333
3	0	-0.5
4	0	-0.666666666666667
5	0	-0.833333333333333
6	0	-1
7	0	-1
8	0	-1
9	0	-1
10	0	-1
11	0	-1
12	0	-1
13	0	-1
14	0	-1
15	0	-1
16	0	-1
17	0	-1
18	0	-1
19	0	-1
20	0	-1
21	0	-1
22	0	-1
23	0	-1
24	0	-1
25	0	-1
26	0	-1
27	0	-1
28	0	-1
29	0	-1
30	0	-1
31	0	-0.666666666666667
32	0	-0.333333333333333
33	0	0
34	0.333333333333333	0
35	0.666666666666667	0
36	1	0
37	1	0
38	1	0
39	1	0
40	1	0
41	1	0
42	1	0
43	1	0
44	1	0
45	1	0
46	1	0
47	1	0
48	1	0
49	1	0
50	0.833333333333333	0
51	0.666666666666667	0
52	0.666666666666667	0
53	0.666666666666667	0
54	0.666666666666667	0
55	0.833333333333333	0
56	0.666666666666667	0
57	0.333333333333333	0
58	0.666666666666667	0
59	0.666666666666667	0
60	0.333333333333333	0
61	0	0
62	0	0
63	0	-0.333333333333333
64	0	-0.666666666666667
65	0	-1
66	0	-1
67	0	-1
68	0	-1
69	0	-1
70	0	-1
71	0	-1
72	0	-1
73	0	-1
74	0	-0.666666666666667
75	0	-0.666666666666667
76	0	-0.333333333333333
77	0	-0.333333333333333
78	0	0
79	0.333333333333333	0
80	0.666666666666667	0
81	1	0
82	1	0
83	1	0
84	1	0
85	1	0
86	1	0
87	1	0
88	1	0
89	1	0
90	1	0
91	1	0
92	1	0
93	1	0
94	1	0
95	1	0
96	1	0
97	1	0
98	1	0
99	1	0
100	1	0
101	1	0
102	1	0
103	1	0
104	1	0
105	1	0
106	1	0
107	1	0
108	1	0
109	1	0
110	1	0
111	1	0
112	1	0
113	1	0
114	1	0
115	0.666666666666667	0
116	0.333333333333333	0
117	0	0
118	0	-0.333333333333333
119	0	-0.666666666666667
120	0	-1
121	0	-1
122	0	-1
123	0	-1
124	0	-1
125	0	-0.666666666666667
126	0	-0.333333333333333
127	0	0
128	0.333333333333333	0
129	0.666666666666667	0
130	1	0
131	1	0
132	1	0
133	1	0
134	1	0
135	1	0
136	1	0
137	1	0
138	1	0
139	1	0
140	1	0
141	1	0
142	1	0
143	0.666666666666667	0
144	0.666666666666667	0
145	0.333333333333333	0
146	0	0
147	0	-0.333333333333333
148	0	-0.666666666666667
149	0	-1
150	0	-1
151	0	-1
152	0	-1
153	0	-1
154	0	-1
155	0	-1
156	0	-1
157	0	-1
158	0	-1
159	0	-1
160	0	-1
161	0	-1
162	0	-1
163	0	-1
164	0	-1
165	0	-1
166	0	-0.833333333333333
167	0	-0.666666666666667
168	0	-0.333333333333333
169	0	0
170	0.333333333333333	0
171	0.666666666666667	0
172	0.666666666666667	0
173	1	0
174	1	0
175	1	0
176	1	0
177	1	0
178	1	0
179	1	0
180	1	0
181	1	0
182	1	0
183	1	0
184	1	0
185	1	0
186	1	0
187	1	0
188	1	0
189	1	0
190	1	0
191	1	0
192	1	0
193	1	0
194	1	0
195	1	0
196	1	0
197	1	0
198	1	0
199	1	0
200	1	0
201	1	0
202	1	0
203	1	0
204	0.666666666666667	0
205	0.333333333333333	0
206	0	0
207	0	-0.166666666666667
208	0	-0.333333333333333
209	0	0
210	0	0
211	0.333333333333333	0
212	0.333333333333333	0
213	0.666666666666667	0
214	1	0
215	1	0
216	1	0
217	1	0
218	1	0
219	0.666666666666667	0
220	0.666666666666667	0
221	0.666666666666667	0
222	0.666666666666667	0
223	0.666666666666667	0
224	0.666666666666667	0
225	0.833333333333333	0
226	1	0
227	1	0
228	1	0
229	1	0
230	1	0
231	0.666666666666667	0
232	0.333333333333333	0
233	0	0
234	0	-0.333333333333333
235	0	-0.333333333333333
236	0	-0.666666666666667
237	0	-1
238	0	-1
239	0	-0.666666666666667
240	0	-0.5
241	0	-0.333333333333333
242	0	-0.333333333333333
243	0	0
244	0	-0.333333333333333
245	0	-0.666666666666667
246	0	-0.666666666666667
247	0	-0.666666666666667
248	0	-0.666666666666667
249	0	-1
250	0	-1
251	0	-1
252	0	-0.833333333333333
253	0	-0.666666666666667
254	0	-0.333333333333333
255	0	-0.333333333333333
256	0	-0.333333333333333
257	0	-0.333333333333333
258	0	-0.333333333333333
259	0	-0.666666666666667
260	0	-0.666666666666667
261	0	-1
262	0	-1
263	0	-1
264	0	-1
265	0	-1
266	0	-1
267	0	-1
268	0	-1
269	0	-1
270	0	-1
271	0	-1
272	0	-1
273	0	-1
274	0	-1
275	0	-1
276	0	-1
277	0	-1
278	0	-1
279	0	-1
280	0	-1
281	0	-1
282	0	-1
283	0	-1
284	0	-1
285	0	-1
286	0	-1
287	0	-1
288	0	-1
289	0	-1
290	0	-1
291	0	-1
292	0	-1
293	0	-1
294	0	-1
295	0	-1
296	0	-1
297	0	-1
298	0	-1
299	0	-1
300	0	-1
301	0	-1
302	0	-1
303	0	-1
304	0	-1
305	0	-1
306	0	-1
307	0	-1
308	0	-1
309	0	-1
310	0	-1
311	0	-1
312	0	-1
313	0	-1
314	0	-1
315	0	-1
316	0	-1
317	0	-1
318	0	-1
319	0	-1
320	0	-1
321	0	-1
322	0	-1
323	0	-1
324	0	-1
325	0	-1
326	0	-1
327	0	-1
328	0	-1
329	0	-1
330	0	-1
331	0	-1
332	0	-1
333	0	-1
334	0	-1
335	0	-1
336	0	-1
337	0	-1
338	0	-1
339	0	-1
340	0	-1
341	0	-1
342	0	-1
343	0	-1
344	0	-1
345	0	-1
346	0	-1
347	0	-1
348	0	-1
349	0	-1
350	0	-1
351	0	-1
352	0	-1
353	0	-1
354	0	-1
355	0	-1
356	0	-1
357	0	-1
358	0	-1
359	0	-1
360	0	-1
361	0	-1
362	0	-1
363	0	-1
364	0	-1
365	0	-1
366	0	-1
367	0	-1
368	0	-1
369	0	-0.833333333333333
370	0	-0.833333333333333
371	0	-0.666666666666667
372	0	-0.833333333333333
373	0	-1
374	0	-0.666666666666667
375	0	-0.333333333333333
376	0	0
377	0.333333333333333	0
378	0.666666666666667	0
379	1	0
380	1	0
381	1	0
382	1	0
383	1	0
384	1	0
385	1	0
386	0.833333333333333	0
387	0.5	0
388	0.333333333333333	0
389	0	0
390	0	-0.333333333333333
391	0	-0.333333333333333
392	0	-0.666666666666667
393	0	-1
394	0	-0.666666666666667
395	0	-0.333333333333333
396	0	0
397	0.333333333333333	0
398	0.666666666666667	0
399	1	0
400	1	0
401	0.833333333333333	0
402	0.5	0
403	0.166666666666667	0
404	0	0
405	0	-0.166666666666667
406	0	-0.333333333333333
407	0	-0.333333333333333
408	0	-0.166666666666667
409	0	0
