EOG091G075F	0	72.4223466773543	308
EOG091G053A	0	102.09060361342686	415
EOG091G0S0I	0	23.734208574157343	142
EOG091G02FR	0	108.68754099168993	394
EOG091G0KJA	0	51.9586863262127	227
EOG091G0LZ0	0	14.859228392800295	141
EOG091G06DH	0	64.99976701141675	362
EOG091G0FXV	0	27.25958674383096	247
EOG091G07KC	0	74.16040631890183	316
EOG091G0N9Z	0	24.225113390686175	145
EOG091G0W2D	0	10.368615726816936	101
EOG091G07N5	0	18.86627965276959	193
EOG091G0N0U	0	40.98426662813636	241
EOG091G0YCT	0	14.43299952919822	86
EOG091G19WY	0	5.25572891322481	94
EOG091G0SNM	0	12.238981114870581	136
EOG091G0IZX	0	13.118000047385866	197
EOG091G0K0D	0	9.469615151161694	151
EOG091G0AX1	0	52.47392795240412	220
EOG091G0KGX	0	57.08757370416588	198
EOG091G03O0	0	132.41319362568765	492
EOG091G0MZC	0	27.816578342269246	146
EOG091G0RRA	0	17.602114254529432	128
EOG091G0IQD	0	64.58435630903145	249
EOG091G0MCZ	0	29.42041322425153	213
EOG091G0IGG	0	25.645132307319216	203
EOG091G01MK	0	256.9786581682772	779
EOG091G0AKM	0	61.81407534465177	297
EOG091G0HML	0	69.23137738736213	287
EOG091G0Z6Z	0	6.012882994434691	82
EOG091G0628	0	115.90568944686817	438
EOG091G0M0J	0	48.91772844117106	226
EOG091G0KPB	0	37.33333476419411	171
EOG091G0EHY	0	41.8238006573747	241
EOG091G0530	0	80.18067241034215	379
EOG091G0GQO	0	23.39909419458335	214
EOG091G0C7Y	0	41.22239335950442	243
EOG091G0DTP	0	41.65097653301596	216
EOG091G0BUH	0	47.14331409109953	237
EOG091G0IDE	0	63.75425660554144	285
EOG091G0SM9	0	14.181614556640021	123
EOG091G0O40	0	14.237093399603095	138
EOG091G02HY	0	105.27212940830412	520
EOG091G0KVW	0	25.326263894564924	165
EOG091G0LPW	0	25.162106011766355	151
EOG091G03FL	0	93.37265597922865	511
EOG091G18YA	0	18.824313089627413	109
EOG091G059G	0	77.7182658462851	407
EOG091G0QS4	0	14.78094010799687	134
EOG091G053D	0	52.95265930039894	259
EOG091G0MRS	0	12.832814231490579	152
EOG091G03H4	0	136.4655668747993	463
EOG091G0WT4	0	8.525275823623096	87
EOG091G05OW	0	98.37801652104694	424
EOG091G0Y05	0	6.781580236823463	91
EOG091G0IVB	0	33.61605144109771	185
EOG091G00AH	0	482.24285004409427	1344
EOG091G01VH	0	294.8868696049124	841
EOG091G08V8	0	55.13517733529397	335
EOG091G09UA	0	56.2129003337706	268
EOG091G0ILG	0	26.246858786411874	171
EOG091G09KI	0	46.24417327088826	184
EOG091G0IZD	0	23.135722351928408	148
EOG091G09O7	0	30.361316239740397	259
EOG091G0RWI	0	38.095494046759214	181
EOG091G0VQK	0	59.66832573247344	267
EOG091G15N9	0	7.287634416229685	85
EOG091G0JI1	0	10.25129444013841	127
EOG091G0SQV	0	16.970459430397998	107
EOG091G0LIN	0	20.532567046616688	202
EOG091G02C8	0	177.84506965222053	503
EOG091G0MDD	0	26.81442636974473	189
EOG091G03BV	0	126.42005186634313	440
EOG091G0PIU	0	22.525272402912176	151
EOG091G03TX	0	215.77908931269357	723
EOG091G040D	0	94.97934194773829	467
EOG091G11PB	0	73.3769106664025	374
EOG091G00MA	0	287.59643655209	834
EOG091G0ARE	0	75.27967086905898	420
EOG091G0GY1	0	50.73148582336372	255
EOG091G0AGM	0	44.63475005753267	239
EOG091G0NM1	0	25.818960479729505	131
EOG091G02LY	0	142.76741440323354	533
EOG091G050Q	0	48.80156543044023	267
EOG091G0O7O	0	28.740320299693284	146
EOG091G0EUU	0	49.20033864815036	284
EOG091G0Q7M	0	32.288997793847265	140
EOG091G0IYB	0	152.42157031127138	591
EOG091G0G8S	0	39.27787754075445	211
EOG091G0XXE	0	17.93813774376498	173
EOG091G0PUZ	0	21.535643063791223	157
EOG091G0DTB	0	23.148947233864355	223
EOG091G0LCT	0	41.45219674980586	203
EOG091G0DXV	0	87.842446385018	368
EOG091G0D4N	0	78.03655464198383	312
EOG091G0Q02	0	25.654278828476826	173
EOG091G0A2L	0	50.80007422222537	316
EOG091G0QRW	0	16.17562343932356	126
EOG091G06CB	0	40.63200827123668	361
EOG091G0MB2	0	17.335587562982866	131
EOG091G0H62	0	30.758215107677646	211
EOG091G089T	0	83.24239974546995	352
EOG091G0525	0	102.70266877262127	389
EOG091G0UUT	0	22.934452483279472	166
EOG091G0W96	0	9.800832587475453	81
EOG091G0NK3	0	19.6153423815653	154
EOG091G03Z1	0	153.94801507701828	488
EOG091G02ZI	0	69.66201385879816	245
EOG091G03AN	0	115.66803668921878	485
EOG091G0AZ7	0	47.60225203035561	242
EOG091G02NO	0	123.41977344084893	461
EOG091G0GI9	0	9.292546068187047	105
EOG091G0K1H	0	21.273116373159546	112
EOG091G0HOK	0	56.759220701269186	246
EOG091G0K1Z	0	44.70849320645115	199
EOG091G0E8J	0	85.99275181888655	282
EOG091G0B9T	0	59.98787699948017	259
EOG091G0307	0	78.38696222583533	542
EOG091G0CW2	0	55.2240184367417	235
EOG091G05T4	0	122.1014247931118	413
EOG091G0AVP	0	63.38241712574035	325
EOG091G0BPU	0	47.546845415448686	276
EOG091G0HYF	0	35.35667845737862	188
EOG091G0YVI	0	10.716736364213277	113
EOG091G0JC7	0	22.867940955702103	177
EOG091G10O5	0	72.00879024824589	321
EOG091G0HTU	0	26.652797875933864	222
EOG091G0FTU	0	55.37714659843549	263
EOG091G1757	0	9.217280385951632	83
EOG091G0H3U	0	88.77190652953719	465
EOG091G0NMJ	0	27.620513906543056	165
EOG091G0ONT	0	24.264369255857762	182
EOG091G0OPI	0	37.55826955442505	180
EOG091G0TKH	0	14.319877226029599	100
EOG091G0C8H	0	75.09495146886448	260
EOG091G0K98	0	73.19179540420174	369
EOG091G0N0A	0	29.585729874153518	118
EOG091G0XRQ	0	20.086383321004565	140
EOG091G08UU	0	59.864264454933036	263
EOG091G0O6E	0	28.24252794307522	204
EOG091G0KGO	0	28.73504627828855	173
EOG091G0O4W	0	10.489597219705331	110
EOG091G0L2T	0	14.848013717990892	94
EOG091G09V2	0	105.07440369728485	346
EOG091G15HS	0	33.057176866089	187
EOG091G04LC	0	128.79064519001966	437
EOG091G036C	0	57.56289998946485	356
EOG091G05Q6	0	85.54590816541814	358
EOG091G090D	0	67.49887107318052	289
EOG091G0M8S	0	36.418550271687764	174
EOG091G18B1	0	5.666265863245735	71
EOG091G0EZO	0	48.56085355526479	231
EOG091G0ZEJ	0	20.2623521810886	126
EOG091G0OFC	0	29.861880732866688	153
EOG091G06YD	0	73.5662583501399	242
EOG091G02IP	0	151.12079191825327	571
EOG091G10CG	0	2.9768883766073024	78
EOG091G0CMN	0	28.658033350378332	164
EOG091G0CEK	0	38.11123222654178	262
EOG091G0FSK	0	25.668908374585335	185
EOG091G01WY	0	108.49869454454253	428
EOG091G0G3M	0	46.78126268562594	306
EOG091G0H64	0	42.78831940819571	270
EOG091G03JF	0	62.42632595171159	290
EOG091G0UQZ	0	12.017519087870108	123
EOG091G03D7	0	249.40016211980418	634
EOG091G146E	0	5.925045892747906	57
EOG091G00Q0	0	260.59608057739774	901
EOG091G0J7A	0	71.07423815599654	299
EOG091G036T	0	159.02781868397935	528
EOG091G0KM6	0	25.096006132640387	153
EOG091G0VWO	0	10.918846008470036	95
EOG091G0T3D	0	76.04229795116818	306
EOG091G0A2I	0	61.6246469797971	290
EOG091G0MBX	0	28.783828206716464	136
EOG091G0NRN	0	20.63193728563055	168
EOG091G040L	0	74.88118152215446	326
EOG091G053R	0	164.15571875508937	494
EOG091G0Z6N	0	11.161157134071205	86
EOG091G046H	0	198.3428465879895	565
EOG091G0ZUA	0	14.042015972998087	97
EOG091G0GVZ	0	45.210309835087564	236
EOG091G028G	0	208.22170368291432	680
EOG091G0CNT	0	32.492108321477126	231
EOG091G0DRZ	0	25.481837526282263	164
EOG091G01EW	0	179.33692908772412	643
EOG091G0C2Z	0	19.753079582826178	227
EOG091G07QN	0	69.82407121945116	296
EOG091G09T3	0	48.89469000190628	290
EOG091G0D0W	0	68.38881698393048	297
EOG091G0OHF	0	157.45621338840644	584
EOG091G0KRB	0	26.464924279164194	150
EOG091G0DLW	0	73.40538127412731	321
EOG091G0JI0	0	29.82766306848366	184
EOG091G0MI7	0	32.40654462628474	180
EOG091G0KSQ	0	38.41469069950273	253
EOG091G02NH	0	203.40562876900125	637
EOG091G03JX	0	135.2950248530965	450
EOG091G0BHV	0	42.01870331853934	214
EOG091G0SOZ	0	102.82789522725027	475
EOG091G0RCI	0	25.73143786968132	125
EOG091G081C	0	74.18873400974203	303
EOG091G13NA	0	9.653290910790394	95
EOG091G0AOO	0	67.69544158257561	289
EOG091G107U	0	6.614087529368949	77
EOG091G0GMC	0	22.845265030646182	187
EOG091G06HP	0	96.89526178442577	343
EOG091G073F	0	62.209762605977396	327
EOG091G0L4Z	0	40.582042848295735	175
EOG091G00VZ	0	247.78464271755556	731
EOG091G0CXE	0	35.29608019081097	153
EOG091G0AHJ	0	56.111896686549734	268
EOG091G0DVQ	0	48.58667413855525	234
EOG091G0J98	0	24.3812479389116	270
EOG091G0RRN	0	22.01009869229224	128
EOG091G0ZLQ	0	17.135290818457218	113
EOG091G040G	0	109.52091256222046	531
EOG091G0DXP	0	38.41253463988438	184
EOG091G0W1S	0	8.34099394626858	110
EOG091G04D1	0	161.63596919764345	627
EOG091G0EHF	0	56.118191829896006	273
EOG091G0NIU	0	14.278016359147152	98
EOG091G0HMT	0	28.612372788498714	110
EOG091G04GW	0	90.04160897137415	463
EOG091G167Y	0	8.629457252199147	94
EOG091G0IS6	0	43.99795133546662	283
EOG091G0AE2	0	41.088562435093166	309
EOG091G04WH	0	82.85481660664415	453
EOG091G050A	0	64.30954450254094	226
EOG091G0EA2	0	25.34450105001778	161
EOG091G0G46	0	18.20478529536323	194
EOG091G0RT1	0	26.853752879548267	191
EOG091G0CGO	0	26.716542903745186	186
EOG091G0T5O	0	27.536227040086203	178
EOG091G0JZV	0	26.256650706996243	187
EOG091G09R0	0	50.83249672752144	215
EOG091G0HDF	0	26.543592354501815	201
EOG091G0JHN	0	20.149810940859496	158
EOG091G0PL0	0	66.21099480700568	239
EOG091G126R	0	23.941317292864436	124
EOG091G132G	0	57.504015448508234	263
EOG091G0VNB	0	3.553660568672076	95
EOG091G0F0I	0	84.6566935355301	319
EOG091G0BED	0	59.81986886256991	290
EOG091G0IWR	0	31.997719379333628	153
EOG091G08PW	0	53.140067891151496	352
EOG091G09SS	0	55.11986841635105	227
EOG091G0HJH	0	49.483432773481056	225
EOG091G0977	0	56.90726261613309	309
EOG091G07OD	0	86.44769584588991	332
EOG091G0NKD	0	19.353530288177	187
EOG091G02O5	0	25.762025681477663	168
EOG091G0QKK	0	28.70623853939051	140
EOG091G08DN	0	30.641811873984132	334
EOG091G0IMD	0	28.61983993832317	185
EOG091G0LRI	0	36.63926194498213	166
EOG091G05UF	0	106.61962783504048	365
EOG091G0MSB	0	53.51957576512883	244
EOG091G0ILS	0	53.91386327858932	225
EOG091G0MJA	0	28.360032063641846	156
EOG091G0OWC	0	28.039575397311893	161
EOG091G0OWI	0	14.381287444850985	147
EOG091G0IDG	0	37.30732553348656	229
EOG091G0BL9	0	24.625564009333427	267
EOG091G06QP	0	84.74596635568753	433
EOG091G060D	0	51.918538263173545	315
EOG091G0CF7	0	53.689703197081286	265
EOG091G05RA	0	47.36379669189509	258
EOG091G069C	0	85.31507980146333	356
EOG091G0AVA	0	40.99833898200212	260
EOG091G0E7S	0	43.78249891838589	253
EOG091G0YK9	0	5.852419984257038	88
EOG091G0EO4	0	52.20908219613572	231
EOG091G01XI	0	176.94961391702617	596
EOG091G019V	0	219.17021945545852	708
EOG091G07PV	0	105.58409426394897	403
EOG091G09U9	0	69.56871011846751	349
EOG091G04EX	0	114.38106498673055	389
EOG091G0AEH	0	43.98589153178726	193
EOG091G025T	0	239.07377281752665	774
EOG091G08BK	0	101.58086490764201	437
EOG091G0N0R	0	28.68739001989979	200
EOG091G0VGJ	0	7.810319641101436	97
EOG091G0P5H	0	20.256306977093097	126
EOG091G0K2R	0	33.95087372927604	169
EOG091G0E3V	0	36.63799858402827	213
EOG091G07NJ	0	69.48202252566492	320
EOG091G06Y3	0	156.59454320485904	518
EOG091G03C7	0	119.65186666504025	442
EOG091G03G3	0	134.69094253141154	417
EOG091G0Z7J	0	58.34465151713341	195
EOG091G05IH	0	126.53250158885398	410
EOG091G09KK	0	67.99800133934009	330
EOG091G0PD3	0	11.844702571472887	102
EOG091G0UKP	0	15.305218939170922	125
EOG091G0LP5	0	34.287127947046585	145
EOG091G087E	0	87.9563383748861	430
EOG091G1467	0	68.76443205164001	235
EOG091G0J69	0	37.14524983431201	242
EOG091G01IW	0	260.0972879642331	680
EOG091G0781	0	108.14745844381709	457
EOG091G03P0	0	123.27204319964598	489
EOG091G05SE	0	141.1662371036923	416
EOG091G0LMQ	0	17.917374897911895	136
EOG091G0JWC	0	9.68367500011935	169
EOG091G0A0M	0	71.1772811867864	305
EOG091G03QC	0	130.29514941677016	446
EOG091G0NH9	0	10.924755064716267	165
EOG091G0L84	0	34.92166641869012	211
EOG091G0RM8	0	16.08754299288809	120
EOG091G0LO1	0	29.028580436233135	169
EOG091G0TQF	0	22.29771835968019	122
EOG091G00UD	0	294.4507900965143	803
EOG091G0F93	0	126.89696228711865	434
EOG091G0AVW	0	88.11992003353171	273
EOG091G0G6C	0	26.512720629138197	151
EOG091G0627	0	64.77411720680287	298
EOG091G02BK	0	154.4390378714229	585
EOG091G07Z0	0	59.597629179742995	351
EOG091G0LAR	0	29.995758362029484	143
EOG091G046Y	0	97.54307973324481	432
EOG091G06S3	0	88.66324850024043	335
EOG091G0NIY	0	17.914246246471965	150
EOG091G0XQ3	0	27.84303765329336	151
EOG091G0B9B	0	19.27567345909313	252
EOG091G0UOM	0	12.875984858872133	111
EOG091G0Y96	0	8.004236166566395	73
EOG091G09D8	0	46.9580827809392	256
EOG091G029K	0	188.97771925022238	679
EOG091G08Y9	0	37.833933144402806	198
EOG091G0L4M	0	25.83603671678562	154
EOG091G0YZ0	0	12.39826358369229	87
EOG091G03DT	0	73.90333473271274	378
EOG091G08ZG	0	51.07446468109399	271
EOG091G0GKX	0	42.39143170668876	223
EOG091G0EQR	0	47.04683319723963	273
EOG091G0ERU	0	47.28177604694906	343
EOG091G017G	0	174.50618939810946	772
EOG091G0PGM	0	17.438989694988667	112
EOG091G0H8F	0	50.740606368227255	246
EOG091G08LT	0	62.45866392626048	231
EOG091G08SM	0	51.845520141589695	284
EOG091G05AH	0	68.31649037489308	404
EOG091G09GO	0	41.374218561061205	284
EOG091G0EAF	0	79.58212998020586	297
EOG091G0A98	0	46.23398210397279	249
EOG091G0ZDR	0	9.4645852004128	118
EOG091G08ZR	0	76.15590979138682	305
EOG091G0BBO	0	76.3039972740616	300
EOG091G0NOA	0	25.84492541083308	151
EOG091G0MVR	0	45.26452072162249	195
EOG091G0GA8	0	42.44521560415986	179
EOG091G0BDT	0	31.304803311672693	213
EOG091G0MUD	0	18.340887503489384	158
EOG091G0JU7	0	44.107784285944184	206
EOG091G0CQ2	0	50.154849821063934	228
EOG091G0PXB	0	22.999042701420677	177
EOG091G03SE	0	21.035849030748544	344
EOG091G0TAU	0	68.38103779532985	293
EOG091G113O	0	5.426518861572037	71
EOG091G0TRW	0	18.10898425463072	102
EOG091G0KS8	0	31.20780867674582	180
EOG091G114S	0	7.2115640762605215	54
EOG091G0I8J	0	47.292393008896646	236
EOG091G0B27	0	64.52092148098755	289
EOG091G0554	0	156.92783449119293	604
EOG091G13IJ	0	92.8294847774543	323
EOG091G05EU	0	110.64385432548886	424
EOG091G088L	0	57.46216621077664	340
EOG091G15XZ	0	1.2621697383632595	74
EOG091G0M0T	0	8.143659891508943	159
EOG091G0SV1	0	20.557609310093625	123
EOG091G0NVA	0	20.079109415525256	148
EOG091G0M3C	0	25.732772265775886	161
EOG091G17J4	0	8.781317032316686	78
EOG091G0QCX	0	17.44748539313843	133
EOG091G0S5L	0	100.42868432335771	387
EOG091G0EMF	0	23.83536078944755	125
EOG091G0E3F	0	48.63704567489237	248
EOG091G112U	0	13.143283518183127	88
EOG091G01Z2	0	236.81182671024112	809
EOG091G0NNO	0	70.16530757364897	333
EOG091G0X1V	0	10.79366845370584	98
EOG091G0FH3	0	19.273797308076347	148
EOG091G03I1	0	93.42305040060427	430
EOG091G06JJ	0	19.351739749934794	153
EOG091G05OR	0	76.04087969385536	439
EOG091G0WLL	0	16.94785858786548	109
EOG091G0FS8	0	28.354568711589963	180
EOG091G0PNO	0	13.711144380612025	143
EOG091G0VSN	0	12.043568448911085	107
EOG091G0DTD	0	31.301860194130686	229
EOG091G1BQN	0	15.411212297573293	120
EOG091G0CID	0	45.59356500080737	286
EOG091G06XK	0	88.67832054882093	349
EOG091G0GIC	0	45.65109636000056	196
EOG091G0DWW	0	109.73960983716461	397
EOG091G0JTG	0	35.53016730134462	173
EOG091G0DQS	0	49.50602967524612	326
EOG091G08D1	0	105.1986490425075	372
EOG091G02O6	0	172.33125525702394	494
EOG091G075K	0	91.61297145307283	319
EOG091G197A	0	8.318504345287684	99
EOG091G0L5Z	0	24.682165415892634	173
EOG091G0UQ0	0	14.58366333891681	91
EOG091G0LT7	0	30.335618120881538	209
EOG091G0WCB	0	30.400918065233483	144
EOG091G0E2X	0	41.83844027620727	175
EOG091G0BPX	0	30.463994134590735	229
EOG091G0MMY	0	15.921807523087946	156
EOG091G09HG	0	79.00528524189914	292
EOG091G0VZF	0	8.406759846166127	94
EOG091G0W6G	0	6.651287945684319	103
EOG091G0SRJ	0	8.4354723673556	138
EOG091G09BP	0	79.79918606197589	308
EOG091G0JIA	0	35.55043763189433	184
EOG091G0ZLI	0	5.991778736684002	75
EOG091G0HP9	0	34.609786016899804	182
EOG091G0TZU	0	16.506598577846663	124
EOG091G0BN4	0	43.805486356398724	238
EOG091G0GKH	0	25.14744029121463	152
EOG091G14DH	0	9.861240682419742	95
EOG091G0I2X	0	26.041421965056163	197
EOG091G0IRO	0	35.53269870971847	157
EOG091G0RTI	0	22.067936006866944	154
EOG091G0QW9	0	34.62128902635131	182
EOG091G0MF6	0	8.769825315567795	147
EOG091G03B9	0	131.5649938097283	463
EOG091G0R3S	0	38.99543738983809	213
EOG091G0UTL	0	11.878782112694648	113
EOG091G0BCO	0	19.405013875080417	206
EOG091G11CG	0	11.778208288028807	93
EOG091G0L66	0	18.873002627420025	161
EOG091G02UC	0	75.22599923921557	371
EOG091G0MY8	0	30.542066420898788	176
EOG091G08NN	0	56.4685766494032	289
EOG091G09IW	0	80.49197801859277	344
EOG091G0LFF	0	16.94760248999044	173
EOG091G0NTO	0	19.74484436424491	136
EOG091G09T6	0	110.63300869258869	334
EOG091G02VO	0	141.08588826970774	439
EOG091G0QIP	0	18.646275943398916	129
EOG091G081H	0	134.79706970108808	390
EOG091G0GD0	0	33.08767244453151	209
EOG091G03Y8	0	91.00306681799397	371
EOG091G0Q58	0	23.81913962403719	171
EOG091G16EY	0	13.84512302921101	114
EOG091G0VTN	0	14.982489779739549	115
EOG091G0Z4E	0	15.389950128955954	112
EOG091G0QNR	0	20.982960119692727	150
EOG091G0KEQ	0	27.535064579927266	188
EOG091G0CTG	0	41.55569862328916	211
EOG091G0MCM	0	7.156898640939525	105
EOG091G0WUF	0	4.985568144586009	56
EOG091G0TM2	0	8.194389702648396	74
EOG091G038T	0	76.66590529241924	310
EOG091G0VSZ	0	10.513859564301452	92
EOG091G0H14	0	38.23391611213585	208
EOG091G02V5	0	98.09368559620009	507
EOG091G0BG4	0	64.02566849567823	245
EOG091G0K0H	0	24.38909323555222	166
EOG091G0AYM	0	54.63865483152006	265
EOG091G13XF	0	5.241175899741401	58
EOG091G0D8I	0	37.27094578753796	214
EOG091G08IJ	0	75.47644523499193	285
EOG091G06OM	0	88.6687282483268	319
EOG091G0ARL	0	51.791605873164485	227
EOG091G0CR4	0	56.24126034398025	260
EOG091G074G	0	95.59613566377124	342
EOG091G0DPL	0	16.08091155849347	135
EOG091G0WPV	0	11.986359374718742	96
EOG091G0TAC	0	12.92358795702881	99
EOG091G07D9	0	78.212673028239	360
EOG091G0Q27	0	40.777426589989176	204
EOG091G0A79	0	53.58263672434694	293
EOG091G0H5Q	0	39.15772849608187	225
EOG091G0MS7	0	38.24028237903809	184
EOG091G04CK	0	143.60469536803464	559
EOG091G0KNT	0	18.36875109933042	163
EOG091G134K	0	9.626649003248536	108
EOG091G0R6Z	0	23.44189007888763	165
EOG091G0262	0	182.00478547412942	595
EOG091G0AU6	0	41.17943030477703	231
EOG091G07IK	0	64.25398936104686	405
EOG091G01LC	0	73.31406673314733	361
EOG091G05XY	0	69.47578438121167	352
EOG091G0HZK	0	57.95311433856218	289
EOG091G0YYA	0	14.636507521450675	126
EOG091G0V3C	0	12.269524967897214	110
EOG091G17K3	0	3.0783421635988546	59
EOG091G0SBR	0	21.819089751766192	133
EOG091G03JG	0	93.7253410131038	463
EOG091G07Z5	0	51.2505722294508	352
EOG091G0J61	0	9.937852519453722	114
EOG091G07FP	0	75.19532169975706	239
EOG091G0AGT	0	65.13876460178035	262
EOG091G1311	0	9.748683017349803	61
EOG091G0FIJ	0	62.87541220793276	263
EOG091G07PR	0	48.98476236999057	314
EOG091G1CLN	0	5.197348302599228	42
EOG091G0QBN	0	8.622502014125978	79
EOG091G0MBG	0	27.244507425237657	228
EOG091G01TH	0	259.0292139003748	724
EOG091G1AP6	0	3.996573051233538	124
EOG091G026F	0	91.01374843311396	616
EOG091G01XD	0	157.3550691540045	561
EOG091G0IF3	0	24.83946472725425	157
EOG091G0JBM	0	23.541877355546337	158
EOG091G0HSB	0	31.109952058199834	199
EOG091G0E11	0	42.072411200704224	176
EOG091G0ZTA	0	34.60062149035472	156
EOG091G0R04	0	32.6528310146592	159
EOG091G08JG	0	61.834019605252536	311
EOG091G05K5	0	94.65565071511361	452
EOG091G06EF	0	77.73763814662357	351
EOG091G0G71	0	41.02907036949065	237
EOG091G0HC5	0	35.43013846343903	222
EOG091G06LW	0	63.66423192208878	357
EOG091G0RWW	0	20.340206841055416	111
EOG091G06ON	0	67.83239732593952	297
EOG091G0UZ0	0	10.364051298697527	87
EOG091G0J56	0	85.40072740405817	350
EOG091G0VVZ	0	43.45212369460702	199
EOG091G054P	0	14.181722176287153	103
EOG091G0M22	0	24.168631898747247	165
EOG091G116R	0	8.110642000557181	69
EOG091G0YY3	0	16.515231562506727	120
EOG091G0ITS	0	61.73740286440948	228
EOG091G0EVK	0	37.764566069224536	232
EOG091G0IXY	0	26.45343949570419	188
EOG091G0EKA	0	37.10143384618205	220
EOG091G1081	0	6.120517499629981	89
EOG091G0FYA	0	33.271328459904474	170
EOG091G0UYL	0	14.506994334299046	121
EOG091G0MLX	0	28.13345599377805	156
EOG091G0IXT	0	34.90301096024728	171
EOG091G09MU	0	74.91237606231421	257
EOG091G0XHF	0	33.54568924758092	169
EOG091G0M4Q	0	36.725424852560835	185
EOG091G07Q3	0	111.34618141357437	323
EOG091G07S9	0	80.75539396130858	381
EOG091G0WZ0	0	25.988742688783134	204
EOG091G09UB	0	91.84764768144791	350
EOG091G09MD	0	63.63990454421523	278
EOG091G0FZN	0	67.72604127414112	317
EOG091G0HXJ	0	23.491094934435004	230
EOG091G10FG	0	6.149819224798063	73
EOG091G05NK	0	175.208360849414	485
EOG091G09Q2	0	109.02976834156526	367
EOG091G0G58	0	139.80991098988466	376
EOG091G0QJA	0	25.727948274286693	101
EOG091G0TCJ	0	15.300187911526061	138
EOG091G03XS	0	123.7560965309242	428
EOG091G03PD	0	134.64637602765606	413
EOG091G0Q1X	0	8.213697913940475	95
EOG091G10MO	0	15.52889075521596	95
EOG091G0NTZ	0	38.01097770683501	161
EOG091G0I2Z	0	35.718676637399184	229
EOG091G184V	0	12.4916766963906	138
EOG091G12A5	0	6.543876880624836	66
EOG091G0JBZ	0	39.515466786874924	173
EOG091G0H0S	0	32.300763834037966	220
EOG091G0GZ4	0	70.5963199853946	226
EOG091G0W0U	0	9.69659541256485	82
EOG091G0HAI	0	20.39913605974839	189
EOG091G0MKY	0	14.501856645059148	164
EOG091G0J14	0	27.841308545728623	162
EOG091G0JHQ	0	35.83664978770122	194
EOG091G0DBF	0	85.8944028345273	362
EOG091G0MDT	0	9.666770302817364	170
EOG091G17I3	0	8.354709055712563	93
EOG091G0ER1	0	35.710588819650596	191
EOG091G0S8Y	0	20.714036384330917	122
EOG091G0K1G	0	31.13182417062123	226
EOG091G0LMX	0	29.061692435457278	164
EOG091G0CFP	0	36.58348536395806	221
EOG091G0DND	0	61.104400560492714	263
EOG091G0AQA	0	68.7786397079931	268
EOG091G0X3B	0	8.261108673503001	93
EOG091G0W8V	0	4.233942747185026	79
EOG091G07PH	0	36.20928939948203	173
EOG091G0AKW	0	56.512600705166086	323
EOG091G0D7V	0	18.992277221844287	125
EOG091G0RPE	0	20.44960973861209	109
EOG091G0EM6	0	38.60561815591358	183
EOG091G0Q05	0	32.773755470178386	206
EOG091G0PVT	0	20.567920270710285	115
EOG091G0GWF	0	23.860854649726708	279
EOG091G0WAL	0	13.9829462366938	155
EOG091G0RKU	0	16.282906707570906	108
EOG091G0H3D	0	46.31553568894401	304
EOG091G017T	0	209.05696646649832	644
EOG091G02OE	0	95.45359439663015	393
EOG091G0LT0	0	24.901370754799952	176
EOG091G0M12	0	23.082033889186164	102
EOG091G06U0	0	81.86998500332368	360
EOG091G0IXA	0	31.1641837564591	218
EOG091G07CE	0	45.27422781633144	456
EOG091G0K95	0	47.22306014135661	254
EOG091G0CEG	0	21.095444732489963	219
EOG091G0UE6	0	8.688922255325355	121
EOG091G0BKI	0	57.17177952805979	254
EOG091G06MR	0	115.43603581804346	373
EOG091G0C2M	0	66.47220545732371	354
EOG091G05GZ	0	121.88787012912887	436
EOG091G09HR	0	64.82816705907727	267
EOG091G00GM	0	229.18506203225846	870
EOG091G10SA	0	6.324674885058827	74
EOG091G057L	0	115.19848464882085	382
EOG091G079R	0	71.29752126449796	318
EOG091G0G8R	0	31.04592051023562	167
EOG091G0UXY	0	20.286661476935564	149
EOG091G105E	0	10.891555843889567	109
EOG091G0R21	0	14.657061619391806	142
EOG091G0C6I	0	102.64641552843206	371
EOG091G0EH8	0	55.550882491954354	206
EOG091G0LKE	0	29.34196345973001	163
EOG091G02WU	0	61.609481300729165	476
EOG091G04RS	0	96.95816067064659	379
EOG091G0KC3	0	75.25085189140727	275
EOG091G0U75	0	27.06646147649901	172
EOG091G1A1V	0	6.629500224303769	56
EOG091G0FYY	0	34.651922895687385	156
EOG091G0BX3	0	133.51035867308525	390
EOG091G01GC	0	191.28935241187327	759
EOG091G06OP	0	90.12877539302391	387
EOG091G0NP6	0	18.209689411451762	129
EOG091G0N2F	0	16.800386191706316	121
EOG091G0DYW	0	75.32243830053872	307
EOG091G0FPV	0	57.96932288989896	284
EOG091G03M4	0	90.74397362910663	483
EOG091G0YBP	0	7.3739346788873545	75
EOG091G0QS6	0	8.70520071454527	96
EOG091G0N9D	0	10.832406095849473	169
EOG091G0MP6	0	20.072548705594453	135
EOG091G0E5P	0	32.64315877081047	171
EOG091G0PEI	0	12.9683585473528	123
EOG091G0DTE	0	21.697405463468527	234
EOG091G0COC	0	41.87146655585951	305
EOG091G0O5A	0	18.559884595259824	117
EOG091G0M24	0	19.173766800848846	120
EOG091G03XO	0	95.61514655116103	376
EOG091G0DYU	0	23.662844200638055	209
EOG091G06M8	0	113.54285495227909	426
EOG091G05K7	0	145.9764981845039	518
EOG091G04MA	0	64.47418257395152	352
EOG091G05X1	0	159.01962264014898	503
EOG091G031X	0	144.01251842975623	449
EOG091G026I	0	200.978789822044	606
EOG091G0JWK	0	17.23212785104304	113
EOG091G0Z43	0	8.225956733798682	58
EOG091G0SGT	0	10.381970464919618	105
EOG091G07VQ	0	51.12203870670706	201
EOG091G0GBB	0	21.598636366589787	131
EOG091G0LCK	0	10.21862116820244	73
EOG091G0XYP	0	10.294312131618355	101
EOG091G0M09	0	25.09826423308217	123
EOG091G1A3H	0	23.282101588292562	199
EOG091G03OT	0	141.41110281728234	495
EOG091G099D	0	32.96318292537037	257
EOG091G0KR3	0	12.986877460541283	150
EOG091G00L0	0	425.21559689897765	1168
EOG091G0GA7	0	18.243131782379912	158
EOG091G066W	0	111.81972910768624	416
EOG091G0TSE	0	14.918827989203058	103
EOG091G13P1	0	62.22921499113337	269
EOG091G01TX	0	123.52746999066203	477
EOG091G0ULR	0	20.745242330835264	168
EOG091G0D0D	0	42.90812685970041	304
EOG091G04FV	0	135.71674718423603	450
EOG091G1817	0	138.8698546786218	514
EOG091G05ZJ	0	93.13860979521263	305
EOG091G0W5M	0	37.520479160388824	177
EOG091G0LBN	0	25.017714506579814	161
EOG091G0FPM	0	33.84795526735478	260
EOG091G0H07	0	42.75668743559728	220
EOG091G0JUY	0	13.307905861665054	182
EOG091G18BK	0	22.672882230248963	105
EOG091G0A27	0	72.70415556110974	281
EOG091G0703	0	101.99291663406231	416
EOG091G0HS8	0	37.22774183192907	201
EOG091G06Y7	0	65.65910286062046	376
EOG091G0L3L	0	26.781038884177867	141
EOG091G09QO	0	44.118785816302356	228
EOG091G03ZS	0	109.12241982727734	433
EOG091G0EBA	0	169.62277498127935	495
EOG091G074U	0	58.13937140988461	289
EOG091G0H6J	0	35.864414814687834	261
EOG091G0M4K	0	29.885126463345586	182
EOG091G0BTX	0	39.61520020524429	243
EOG091G0814	0	79.73445650203746	292
EOG091G0ZRG	0	13.614224744164297	123
EOG091G0K6O	0	37.36223412031912	157
EOG091G05LX	0	70.30473497829762	326
EOG091G0OTI	0	30.113686280203037	145
EOG091G09FV	0	51.905859534047345	278
EOG091G0DUX	0	38.86138666172232	218
EOG091G0VMU	0	24.295110698372085	201
EOG091G0PHL	0	20.07089987582512	155
EOG091G0LT1	0	10.30025427332928	103
EOG091G0GUK	0	27.878199171952232	158
EOG091G062X	0	72.50841596696988	325
EOG091G0BKX	0	34.87133104174018	320
EOG091G0I1O	0	40.59826608415128	180
EOG091G11O6	0	7.935904659233515	88
EOG091G0K92	0	15.28578395951057	149
EOG091G0Y09	0	12.010649622942106	116
EOG091G0OI8	0	16.453693030347853	153
EOG091G05Q0	0	22.993248664053198	211
EOG091G0JGU	0	23.262442755176274	185
EOG091G0BUD	0	70.31535286071077	217
EOG091G02E4	0	73.03614271082847	317
EOG091G0K9M	0	25.63707613241119	172
EOG091G0H6A	0	17.468956308944435	148
EOG091G0YHX	0	13.780595497606079	96
EOG091G11QL	0	3.330105964495278	66
EOG091G020Y	0	55.320136606160816	398
EOG091G05AA	0	97.3142905941679	373
EOG091G0C84	0	20.938807364464527	243
EOG091G0FJB	0	52.27312179957125	234
EOG091G0IMB	0	40.981687104707824	182
EOG091G0KUR	0	20.40167764070548	199
EOG091G0HQ3	0	41.55863696893852	187
EOG091G09YB	0	35.88895289487714	308
EOG091G0RTZ	0	7.704363149440812	82
EOG091G0I5H	0	36.67098251347786	242
EOG091G0KSX	0	25.000391324277338	150
EOG091G0MY0	0	27.586711034555115	177
EOG091G09RJ	0	54.94033212051566	204
EOG091G0IDP	0	25.326616434099524	184
EOG091G05CI	0	114.99156040123714	494
EOG091G0L5H	0	26.441096402142033	134
EOG091G02MR	0	227.50585146408176	657
EOG091G0JEC	0	25.77527046089544	126
EOG091G0BAM	0	44.80437804128818	227
EOG091G11OU	0	13.370409406582501	100
EOG091G0F70	0	27.90202289003312	167
EOG091G0Y6M	0	15.022220453401959	102
EOG091G0AZV	0	42.55929278991579	236
EOG091G0PAG	0	18.028609318753734	131
EOG091G0LMY	0	41.12658720175293	179
EOG091G05TG	0	122.81427030308556	447
EOG091G0CZX	0	26.726936170528266	199
EOG091G0A5N	0	71.17877775557668	345
EOG091G00GQ	0	326.54571224032276	1160
EOG091G0AFP	0	33.205276294346994	181
EOG091G08JE	0	63.13277665445686	324
EOG091G0FAM	0	33.1299901203248	231
EOG091G00CM	0	71.02743538507464	321
EOG091G011X	0	157.56293309219458	917
EOG091G0ZWE	0	1.2915892400360722	95
EOG091G08R8	0	92.14739482416938	373
EOG091G0NQW	0	81.42834863570832	365
EOG091G0M0S	0	15.007321930926302	121
EOG091G0RI9	0	17.414112524629438	144
EOG091G0291	0	146.1273965477569	458
EOG091G0OM4	0	33.96759095112636	136
EOG091G0769	0	88.39700647628433	322
EOG091G0803	0	31.534489665468485	376
EOG091G0321	0	165.95012637670524	474
EOG091G0LTE	0	17.49541143817428	147
EOG091G020E	0	169.96341235236935	724
EOG091G0BAG	0	16.800964300708806	112
EOG091G04JK	0	140.64623551397213	629
EOG091G0X1Z	0	8.994622049116439	76
EOG091G036A	0	172.77155325858655	680
EOG091G01XQ	0	224.46335254249274	693
EOG091G0D26	0	31.56838171358071	221
EOG091G0QEQ	0	33.82142015850992	186
EOG091G0SAU	0	22.325182935497935	114
EOG091G0TWR	0	3.955144674838975	82
EOG091G0W26	0	12.899489346358846	98
EOG091G0DQ3	0	36.074823822192414	176
EOG091G01S9	0	173.32407255480737	586
EOG091G0QNW	0	19.54953533456064	95
EOG091G0D8N	0	32.759546944770555	321
EOG091G0U3W	0	22.517124337242223	135
EOG091G0B2N	0	29.43845498405849	254
EOG091G0ELO	0	50.259396578594576	267
EOG091G15HV	0	8.322252519940122	85
EOG091G095O	0	25.41307546838644	289
EOG091G0XKP	0	54.60401641445839	281
EOG091G0FWS	0	30.322055054684064	280
EOG091G05YC	0	61.52370608676205	349
EOG091G0MHM	0	13.528332500551222	111
EOG091G0Y35	0	2.3298598140761073	90
EOG091G00Z3	0	225.7419946857087	667
EOG091G03LI	0	128.37094666285643	526
EOG091G0JYQ	0	30.410279448795702	154
EOG091G0II3	0	27.49941432942779	179
EOG091G0GWO	0	20.770000332263383	210
EOG091G0D04	0	26.407128595853923	180
EOG091G0XZC	0	18.985269979393927	135
EOG091G05D7	0	62.92562001161493	325
EOG091G0QGZ	0	17.02998770730043	119
EOG091G0P4K	0	66.91872941227923	304
EOG091G0G1G	0	15.911364063212403	117
EOG091G04IK	0	100.11510923009496	410
EOG091G0E06	0	21.25071933955272	183
EOG091G1285	0	17.93281253705038	87
EOG091G0LVQ	0	11.88171030035469	162
EOG091G03TZ	0	91.00283306029543	376
EOG091G0MG7	0	6.627432950517992	88
EOG091G05ZE	0	79.51055474219876	359
EOG091G0T3X	0	16.25160154855653	113
EOG091G0I7M	0	69.6539917838782	283
EOG091G18Z5	0	14.73826956809215	76
EOG091G0CEW	0	50.663174116299324	223
EOG091G0BHP	0	62.212195038741896	286
EOG091G0RHX	0	12.615170121194312	84
EOG091G0CAR	0	49.796368576560866	270
EOG091G08RU	0	74.79654281756822	338
EOG091G024J	0	136.29862928934335	672
EOG091G0PNP	0	24.78138929730035	159
EOG091G141O	0	28.625090975110165	197
EOG091G074J	0	93.99468070055879	307
EOG091G0A19	0	118.63111321160818	490
EOG091G0HT4	0	21.891897845020896	272
EOG091G049W	0	71.43650749563982	298
EOG091G0DXC	0	87.64126776511274	295
EOG091G0G88	0	29.55252832154406	192
EOG091G0UB5	0	10.352325097321613	108
EOG091G0ELS	0	38.857539115777165	210
EOG091G0RA2	0	14.720544977834361	114
EOG091G0T79	0	14.587326699934659	141
EOG091G06J6	0	120.09847872997379	382
EOG091G0L5I	0	16.36184798378363	158
EOG091G0BKR	0	39.72547585676648	271
EOG091G09GA	0	84.34997571296495	355
EOG091G06I3	0	98.79211855452876	424
EOG091G0R0A	0	21.161044250223462	158
EOG091G0ID9	0	54.14831395201658	263
EOG091G0O9D	0	29.061299603000975	139
EOG091G0P9B	0	18.09400058425049	125
EOG091G04GK	0	146.98482799784043	489
EOG091G0MVL	0	18.130774942070182	164
EOG091G0BNI	0	29.531258660870485	249
EOG091G0QPG	0	19.91167131051234	149
EOG091G0M04	0	24.786332828435256	157
EOG091G02B4	0	106.2234606167797	518
EOG091G0349	0	126.18611864409468	501
EOG091G08FX	0	54.81904234703625	297
EOG091G08O3	0	61.6686534428985	331
EOG091G0HAT	0	49.001171734451475	218
EOG091G0W86	0	15.594535838639086	115
EOG091G0YU6	0	8.16251971578624	88
EOG091G0RVD	0	11.940528675287876	119
EOG091G1144	0	3.927763028031552	69
EOG091G0SGH	0	13.141985873614152	131
EOG091G0IX8	0	30.229824576183205	180
EOG091G07IY	0	54.30380489253448	338
EOG091G0AI5	0	141.69921736821618	483
EOG091G1549	0	14.680226804440288	93
EOG091G0CTU	0	29.65472024105702	258
EOG091G0TZ2	0	19.28830449977889	109
EOG091G07KL	0	166.42718291054038	449
EOG091G0L5X	0	22.937100930116276	134
EOG091G07DR	0	54.743389643658524	564
EOG091G06I8	0	79.03064223086211	344
EOG091G0MLD	0	30.8445870808567	136
EOG091G0TVG	0	13.090805003025602	101
EOG091G0E2R	0	29.594373332167503	238
EOG091G0QE1	0	11.834572769593985	114
EOG091G0TZX	0	13.766899787603045	131
EOG091G0JMY	0	35.48076832080896	175
EOG091G07Z1	0	39.15376621877113	261
EOG091G00QT	0	288.9394899389037	947
EOG091G0SCV	0	13.546240311112749	77
EOG091G0J09	0	30.058868794755714	199
EOG091G0OUM	0	12.354592049131401	142
EOG091G05KR	0	78.61050097216808	406
EOG091G0SRZ	0	15.65221439529214	124
EOG091G126L	0	10.433418635814332	87
EOG091G0IDS	0	35.25579847578089	202
EOG091G0G6Z	0	47.959505661628036	203
EOG091G0YUO	0	16.60198749248309	97
EOG091G115J	0	29.00602017425359	168
EOG091G0EHZ	0	41.71938293458325	201
EOG091G0IUT	0	11.43722414547543	109
EOG091G02P2	0	128.85233546645063	546
EOG091G0KHF	0	31.18586403676201	232
EOG091G078D	0	51.60345595661851	277
EOG091G0FOR	0	38.8477271103387	182
EOG091G0LS0	0	31.763427090703676	179
EOG091G027G	0	185.6542211514438	575
EOG091G0BKZ	0	41.84028520327106	238
EOG091G0990	0	58.05955950915254	290
EOG091G0LB8	0	26.073048271229165	155
EOG091G08L8	0	36.764449567267114	243
EOG091G0R9X	0	11.84027923241624	147
EOG091G0CLR	0	86.39622984682858	322
EOG091G11CO	0	115.33422790734816	330
EOG091G0VIF	0	26.160915192501832	128
EOG091G0495	0	66.3666829843338	456
EOG091G03C0	0	73.36274944379048	354
EOG091G0XN1	0	8.291171325335178	77
EOG091G09J7	0	38.518380996651125	312
EOG091G15KV	0	11.705621614461677	99
EOG091G0ES6	0	22.26469294845186	197
EOG091G0QZ2	0	9.268468799585447	98
EOG091G0U4B	0	25.80762782291611	161
EOG091G0J2W	0	28.756227758880943	169
EOG091G0BWJ	0	46.72767058620297	213
EOG091G0CSZ	0	43.24081127318082	177
EOG091G0MSR	0	10.900931291880664	116
EOG091G0S2R	0	39.73980916103722	192
EOG091G0ZNH	0	7.282623979161489	67
EOG091G0IMI	0	48.72217434827846	237
EOG091G0EZ8	0	72.03335939098436	261
EOG091G10IX	0	14.93906380065844	104
EOG091G038X	0	161.78905452682062	486
EOG091G0SU6	0	40.71541026157494	203
EOG091G0AJ6	0	45.819949677640835	290
EOG091G0AE9	0	51.79513358506992	277
EOG091G0SB2	0	7.029758457170166	150
EOG091G05IK	0	79.38548354299982	370
EOG091G0FQ2	0	40.03885132449001	183
EOG091G0DQT	0	44.404093305731934	289
EOG091G05NZ	0	90.68104178540139	446
EOG091G07N8	0	126.99373046762977	491
EOG091G0HBC	0	16.14571385169606	203
EOG091G0E5O	0	38.02338461759786	271
EOG091G0RRE	0	14.660363818169929	113
EOG091G1422	0	14.213918047809381	110
EOG091G0AO6	0	44.71585115630439	237
EOG091G03RW	0	163.20599300836398	522
EOG091G0IHL	0	22.47107430293151	122
EOG091G0K82	0	38.94364223933523	228
EOG091G0TN4	0	16.919642247556855	111
EOG091G0JTR	0	59.46580457986793	272
EOG091G0RR3	0	24.16258033533543	158
EOG091G00MI	0	50.36314573264295	264
EOG091G19Y2	0	13.178161450552663	100
EOG091G09L6	0	29.477092720290674	159
EOG091G0RRT	0	10.387080872542555	118
EOG091G08VB	0	164.19677307566533	461
EOG091G0HXI	0	72.53558069161535	323
EOG091G0HS4	0	37.67365322696271	167
EOG091G085U	0	64.85259586931139	304
EOG091G096V	0	86.63935251285154	339
EOG091G0GOU	0	35.5754842463891	209
EOG091G065D	0	105.68519108836685	419
EOG091G0KRZ	0	23.317123408508586	140
EOG091G0I85	0	178.26544588458125	471
EOG091G023Z	0	122.72995941437082	607
EOG091G0XVD	0	6.1006237164982915	94
EOG091G05FE	0	115.51469427416569	486
EOG091G0GDF	0	56.18428003536824	302
EOG091G10SJ	0	8.56711621410546	78
EOG091G05N4	0	174.10408441946004	473
EOG091G09KX	0	52.971390900827345	335
EOG091G0BQF	0	75.83220825957667	303
EOG091G0AEL	0	53.69170590653758	272
EOG091G0O97	0	132.4227237968536	423
EOG091G0QUH	0	27.913937666094792	156
EOG091G0YP6	0	10.327580095515922	93
EOG091G0OY0	0	19.32347860497238	130
EOG091G0TNU	0	13.53962911529046	98
EOG091G048B	0	42.963182720143585	218
EOG091G0P5N	0	19.414964985407916	127
EOG091G0X8F	0	14.23554683357101	122
EOG091G11IM	0	12.59784033702579	114
EOG091G0NP7	0	20.701706589982017	124
EOG091G0XXM	0	6.424243453886399	81
EOG091G0U2U	0	10.636466721297403	134
EOG091G0MDG	0	9.223472688742502	137
EOG091G15XS	0	5.945533179731534	66
EOG091G07EJ	0	28.221292425292045	244
EOG091G0TA6	0	32.700992503504935	161
EOG091G0DXE	0	54.620774085952256	288
EOG091G0C9Y	0	39.88033783901343	242
EOG091G06P4	0	98.57345256424384	385
EOG091G0CH6	0	50.68855260391014	279
EOG091G0L5D	0	21.702900106111926	161
EOG091G0IQ7	0	35.12735953083874	187
EOG091G0UKA	0	17.662594993509927	119
EOG091G0GN7	0	36.10757547765662	321
EOG091G03X8	0	98.99916937405608	438
