position	positive	negative
1	0	-0.166666666666667
2	0	-0.333333333333333
3	0	-0.5
4	0	-0.666666666666667
5	0	-0.833333333333333
6	0	-1
7	0	-1
8	0	-1
9	0	-1
10	0	-1
11	0	-1
12	0	-1
13	0	-1
14	0	-1
15	0	-1
16	0	-1
17	0	-1
18	0	-1
19	0	-1
20	0	-1
21	0	-1
22	0	-1
23	0	-1
24	0	-1
25	0	-1
26	0	-1
27	0	-1
28	0	-1
29	0	-1
30	0	-1
31	0	-1
32	0	-0.666666666666667
33	0	-0.666666666666667
34	0	-0.666666666666667
35	0	-0.666666666666667
36	0	-0.333333333333333
37	0	-0.333333333333333
38	0	-0.333333333333333
39	0	-0.333333333333333
40	0	-0.333333333333333
41	0	-0.666666666666667
42	0	-1
43	0	-1
44	0	-1
45	0	-1
46	0	-1
47	0	-1
48	0	-1
49	0	-1
50	0	-1
51	0	-1
52	0	-1
53	0	-1
54	0	-1
55	0	-1
56	0	-1
57	0	-1
58	0	-1
59	0	-1
60	0	-1
61	0	-1
62	0	-1
63	0	-1
64	0	-0.666666666666667
65	0	-0.666666666666667
66	0	-0.666666666666667
67	0	-0.333333333333333
68	0	0
69	0.333333333333333	0
70	0.666666666666667	0
71	1	0
72	1	0
73	1	0
74	1	0
75	1	0
76	1	0
77	1	0
78	1	0
79	1	0
80	1	0
81	1	0
82	1	0
83	1	0
84	1	0
85	1	0
86	1	0
87	1	0
88	1	0
89	1	0
90	1	0
91	1	0
92	1	0
93	1	0
94	1	0
95	1	0
96	1	0
97	1	0
98	1	0
99	1	0
100	1	0
101	1	0
102	1	0
103	1	0
104	1	0
105	1	0
106	1	0
107	1	0
108	1	0
109	1	0
110	1	0
111	0.666666666666667	0
112	0.333333333333333	0
113	0	0
114	0	-0.333333333333333
115	0	-0.666666666666667
116	0	-1
117	0	-1
118	0	-1
119	0	-1
120	0	-0.666666666666667
121	0	-0.333333333333333
122	0	0
123	0.333333333333333	0
124	0.666666666666667	0
125	1	0
126	1	0
127	1	0
128	1	0
129	1	0
130	1	0
131	1	0
132	1	0
133	1	0
134	1	0
135	1	0
136	1	0
137	1	0
138	1	0
139	1	0
140	1	0
141	1	0
142	0.666666666666667	0
143	0.333333333333333	0
144	0.333333333333333	0
145	0	0
146	0	0
147	0.333333333333333	0
148	0	0
149	0.333333333333333	0
150	0.333333333333333	0
151	0	0
152	0	0
153	0	-0.333333333333333
154	0	-0.666666666666667
155	0	-1
156	0	-1
157	0	-1
158	0	-1
159	0	-1
160	0	-1
161	0	-1
162	0	-1
163	0	-1
164	0	-1
165	0	-0.666666666666667
166	0	-0.666666666666667
167	0	-0.666666666666667
168	0	-0.666666666666667
169	0	-1
170	0	-1
171	0	-1
172	0	-1
173	0	-1
174	0	-1
175	0	-1
176	0	-1
177	0	-0.666666666666667
178	0	-0.666666666666667
179	0	-1
180	0	-1
181	0	-1
182	0	-0.666666666666667
183	0	-0.666666666666667
184	0	-0.333333333333333
185	0	0
186	0.333333333333333	0
187	0.666666666666667	0
188	0.666666666666667	0
189	1	0
190	1	0
191	1	0
192	0.666666666666667	0
193	0.666666666666667	0
194	0.333333333333333	0
195	0	0
196	0	-0.333333333333333
197	0	-0.666666666666667
198	0	-0.666666666666667
199	0	-1
200	0	-1
201	0	-1
202	0	-1
203	0	-1
204	0	-1
205	0	-1
206	0	-1
207	0	-1
208	0	-1
209	0	-1
210	0	-1
211	0	-1
212	0	-1
213	0	-1
214	0	-1
215	0	-1
216	0	-1
217	0	-1
218	0	-1
219	0	-1
220	0	-1
221	0	-1
222	0	-1
223	0	-1
224	0	-0.666666666666667
225	0	-0.333333333333333
226	0	-0.333333333333333
227	0	0
228	0	0
229	0	0
230	0.333333333333333	0
231	0.333333333333333	0
232	0.666666666666667	0
233	1	0
234	1	0
235	1	0
236	1	0
237	1	0
238	1	0
239	1	0
240	0.666666666666667	0
241	0.333333333333333	0
242	0	0
243	0	-0.333333333333333
244	0	-0.666666666666667
245	0	-1
246	0	-1
247	0	-1
248	0	-1
249	0	-1
250	0	-1
251	0	-1
252	0	-1
253	0	-1
254	0	-1
255	0	-1
256	0	-1
257	0	-1
258	0	-1
259	0	-1
260	0	-1
261	0	-1
262	0	-1
263	0	-1
264	0	-1
265	0	-1
266	0	-1
267	0	-1
268	0	-1
269	0	-1
270	0	-1
271	0	-1
272	0	-1
273	0	-1
274	0	-1
275	0	-1
276	0	-1
277	0	-1
278	0	-1
279	0	-1
280	0	-1
281	0	-1
282	0	-1
283	0	-1
284	0	-1
285	0	-1
286	0	-1
287	0	-1
288	0	-1
289	0	-1
290	0	-1
291	0	-1
292	0	-1
293	0	-1
294	0	-1
295	0	-1
296	0	-1
297	0	-1
298	0	-1
299	0	-1
300	0	-1
301	0	-1
302	0	-1
303	0	-1
304	0	-1
305	0	-0.666666666666667
306	0	-0.666666666666667
307	0	-0.666666666666667
308	0	-0.666666666666667
309	0	-0.333333333333333
310	0	0
311	0	0
312	0	0
313	0	0
314	0	0
315	0.333333333333333	0
316	0.666666666666667	0
317	1	0
318	1	0
319	1	0
320	1	0
321	1	0
322	1	0
323	1	0
324	0.666666666666667	0
325	0.333333333333333	0
326	0	0
327	0	-0.333333333333333
328	0	-0.666666666666667
329	0	-1
330	0	-1
331	0	-1
332	0	-1
333	0	-1
334	0	-1
335	0	-1
336	0	-1
337	0	-1
338	0	-1
339	0	-1
340	0	-1
341	0	-1
342	0	-1
343	0	-1
344	0	-1
345	0	-1
346	0	-1
347	0	-1
348	0	-1
349	0	-1
350	0	-1
351	0	-1
352	0	-1
353	0	-1
354	0	-1
355	0	-1
356	0	-1
357	0	-1
358	0	-1
359	0	-1
360	0	-1
361	0	-1
362	0	-1
363	0	-1
364	0	-1
365	0	-1
366	0	-1
367	0	-0.666666666666667
368	0	-0.333333333333333
369	0	0
370	0.333333333333333	0
371	0.666666666666667	0
372	0.666666666666667	0
373	1	0
374	1	0
375	1	0
376	1	0
377	1	0
378	1	0
379	1	0
380	1	0
381	1	0
382	1	0
383	1	0
384	1	0
385	1	0
386	1	0
387	1	0
388	1	0
389	1	0
390	0.666666666666667	0
391	0.666666666666667	0
392	0.666666666666667	0
393	0.666666666666667	0
394	0.666666666666667	0
395	0.666666666666667	0
396	0.666666666666667	0
397	0.666666666666667	0
398	0.666666666666667	0
399	1	0
400	0.666666666666667	0
401	0.333333333333333	0
402	0	0
403	0	-0.333333333333333
404	0	-0.666666666666667
405	0	-1
406	0	-1
407	0	-1
408	0	-1
409	0	-1
410	0	-1
411	0	-1
412	0	-1
413	0	-1
414	0	-1
415	0	-1
416	0	-1
417	0	-1
418	0	-1
419	0	-1
420	0	-1
421	0	-1
422	0	-1
423	0	-1
424	0	-1
425	0	-1
426	0	-1
427	0	-1
428	0	-1
429	0	-1
430	0	-1
431	0	-1
432	0	-1
433	0	-1
434	0	-1
435	0	-1
436	0	-1
437	0	-1
438	0	-1
439	0	-1
440	0	-1
441	0	-1
442	0	-0.666666666666667
443	0	-0.333333333333333
444	0	0
445	0.333333333333333	0
446	0.666666666666667	0
447	1	0
448	0.666666666666667	0
449	0.333333333333333	0
450	0	0
451	0	-0.333333333333333
452	0	-0.666666666666667
453	0	-1
454	0	-1
455	0	-1
456	0	-1
457	0	-1
458	0	-1
459	0	-1
460	0	-1
461	0	-1
462	0	-1
463	0	-1
464	0	-1
465	0	-1
466	0	-1
467	0	-1
468	0	-0.666666666666667
469	0	-0.333333333333333
470	0	-0.333333333333333
471	0	0
472	0.333333333333333	0
473	0.666666666666667	0
474	0.666666666666667	0
475	0.333333333333333	0
476	0	0
477	0	-0.333333333333333
478	0	-0.666666666666667
479	0	-1
480	0	-1
481	0	-1
482	0	-1
483	0	-1
484	0	-1
485	0	-1
486	0	-1
487	0	-1
488	0	-1
489	0	-1
490	0	-1
491	0	-1
492	0	-1
493	0	-1
494	0	-1
495	0	-1
496	0	-1
497	0	-1
498	0	-1
499	0	-0.666666666666667
500	0	-0.333333333333333
501	0	0
502	0	0
503	0	0
504	0	-0.333333333333333
505	0	-0.333333333333333
506	0	-0.666666666666667
507	0	-1
508	0	-1
509	0	-1
510	0	-1
511	0	-1
512	0	-1
513	0	-1
514	0	-1
515	0	-1
516	0	-1
517	0	-1
518	0	-1
519	0	-1
520	0	-1
521	0	-1
522	0	-1
523	0	-1
524	0	-1
525	0	-1
526	0	-1
527	0	-1
528	0	-1
529	0	-1
530	0	-1
531	0	-1
532	0	-1
533	0	-1
534	0	-1
535	0	-1
536	0	-1
537	0	-1
538	0	-1
539	0	-1
540	0	-1
541	0	-1
542	0	-1
543	0	-1
544	0	-1
545	0	-1
546	0	-1
547	0	-1
548	0	-1
549	0	-1
550	0	-1
551	0	-1
552	0	-1
553	0	-1
554	0	-1
555	0	-1
556	0	-1
557	0	-1
558	0	-1
559	0	-1
560	0	-1
561	0	-1
562	0	-1
563	0	-1
564	0	-1
565	0	-1
566	0	-1
567	0	-1
568	0	-1
569	0	-1
570	0	-1
571	0	-1
572	0	-1
573	0	-1
574	0	-1
575	0	-1
576	0	-1
577	0	-1
578	0	-1
579	0	-1
580	0	-1
581	0	-1
582	0	-1
583	0	-1
584	0	-1
585	0	-1
586	0	-1
587	0	-1
588	0	-1
589	0	-1
590	0	-1
591	0	-1
592	0	-1
593	0	-1
594	0	-1
595	0	-1
596	0	-1
597	0	-1
598	0	-1
599	0	-1
600	0	-1
601	0	-1
602	0	-1
603	0	-1
604	0	-1
605	0	-1
606	0	-1
607	0	-1
608	0	-1
609	0	-1
610	0	-1
611	0	-1
612	0	-1
613	0	-1
614	0	-1
615	0	-1
616	0	-1
617	0	-1
618	0	-1
619	0	-1
620	0	-1
621	0	-1
622	0	-1
623	0	-1
624	0	-1
625	0	-1
626	0	-1
627	0	-1
628	0	-1
629	0	-1
630	0	-1
631	0	-1
632	0	-1
633	0	-1
634	0	-1
635	0	-1
636	0	-1
637	0	-1
638	0	-1
639	0	-1
640	0	-1
641	0	-1
642	0	-1
643	0	-1
644	0	-1
645	0	-1
646	0	-1
647	0	-1
648	0	-1
649	0	-1
650	0	-1
651	0	-1
652	0	-1
653	0	-1
654	0	-1
655	0	-1
656	0	-1
657	0	-1
658	0	-0.666666666666667
659	0	-0.333333333333333
660	0	-0.333333333333333
661	0	0
662	0.333333333333333	0
663	0.333333333333333	0
664	0.333333333333333	0
665	0.333333333333333	0
666	0.666666666666667	0
667	1	0
668	1	0
669	1	0
670	1	0
671	0.666666666666667	0
672	0.333333333333333	0
673	0	0
674	0	-0.333333333333333
675	0	-0.333333333333333
676	0	-0.666666666666667
677	0	-1
678	0	-1
679	0	-1
680	0	-1
681	0	-1
682	0	-1
683	0	-1
684	0	-1
685	0	-1
686	0	-1
687	0	-1
688	0	-1
689	0	-1
690	0	-1
691	0	-1
692	0	-1
693	0	-1
694	0	-1
695	0	-1
696	0	-1
697	0	-1
698	0	-1
699	0	-1
700	0	-1
701	0	-1
702	0	-1
703	0	-1
704	0	-0.666666666666667
705	0	-0.666666666666667
706	0	-1
707	0	-1
708	0	-1
709	0	-1
710	0	-1
711	0	-1
712	0	-1
713	0	-1
714	0	-1
715	0	-1
716	0	-1
717	0	-1
718	0	-1
719	0	-1
720	0	-1
721	0	-1
722	0	-1
723	0	-1
724	0	-1
725	0	-1
726	0	-1
727	0	-1
728	0	-1
729	0	-1
730	0	-1
731	0	-1
732	0	-1
733	0	-1
734	0	-1
735	0	-1
736	0	-1
737	0	-1
738	0	-1
739	0	-1
740	0	-1
741	0	-1
742	0	-1
743	0	-1
744	0	-1
745	0	-1
746	0	-1
747	0	-1
748	0	-1
749	0	-1
750	0	-1
751	0	-1
752	0	-1
753	0	-1
754	0	-1
755	0	-1
756	0	-1
757	0	-1
758	0	-1
759	0	-1
760	0	-1
761	0	-1
762	0	-1
763	0	-1
764	0	-1
765	0	-1
766	0	-1
767	0	-1
768	0	-1
769	0	-1
770	0	-1
771	0	-1
772	0	-1
773	0	-1
774	0	-1
775	0	-1
776	0	-1
777	0	-1
778	0	-1
779	0	-1
780	0	-0.666666666666667
781	0	-0.333333333333333
782	0	0
783	0.333333333333333	0
784	0.666666666666667	0
785	0.666666666666667	0
786	0.333333333333333	0
787	0	0
788	0	-0.333333333333333
789	0	-0.666666666666667
790	0	-1
791	0	-1
792	0	-1
793	0	-1
794	0	-1
795	0	-1
796	0	-1
797	0	-1
798	0	-1
799	0	-1
800	0	-1
801	0	-1
802	0	-1
803	0	-1
804	0	-1
805	0	-1
806	0	-1
807	0	-1
808	0	-1
809	0	-1
810	0	-1
811	0	-1
812	0	-1
813	0	-1
814	0	-1
815	0	-1
816	0	-1
817	0	-1
818	0	-1
819	0	-1
820	0	-1
821	0	-1
822	0	-1
823	0	-1
824	0	-1
825	0	-1
826	0	-1
827	0	-1
828	0	-1
829	0	-1
830	0	-1
831	0	-1
832	0	-1
833	0	-0.666666666666667
834	0	-0.666666666666667
835	0	-0.333333333333333
836	0	0
837	0.333333333333333	0
838	0.666666666666667	0
839	0.666666666666667	0
840	1	0
841	1	0
842	1	0
843	1	0
844	1	0
845	1	0
846	1	0
847	1	0
848	1	0
849	1	0
850	1	0
851	0.666666666666667	0
852	0.666666666666667	0
853	0.666666666666667	0
854	0.333333333333333	0
855	0	0
856	0	-0.333333333333333
857	0	-0.333333333333333
858	0	0
859	0	0
860	0.333333333333333	0
861	0.333333333333333	0
862	0	0
863	0	-0.333333333333333
864	0	-0.333333333333333
865	0	-0.666666666666667
866	0	-1
867	0	-1
868	0	-1
869	0	-1
870	0	-1
871	0	-1
872	0	-1
873	0	-1
874	0	-1
875	0	-1
876	0	-1
877	0	-1
878	0	-1
879	0	-1
880	0	-1
881	0	-1
882	0	-1
883	0	-1
884	0	-1
885	0	-1
886	0	-1
887	0	-1
888	0	-1
889	0	-1
890	0	-1
891	0	-1
892	0	-1
893	0	-1
894	0	-1
895	0	-1
896	0	-1
897	0	-1
898	0	-1
899	0	-1
900	0	-1
901	0	-1
902	0	-1
903	0	-1
904	0	-1
905	0	-1
906	0	-1
907	0	-1
908	0	-1
909	0	-1
910	0	-1
911	0	-1
912	0	-1
913	0	-1
914	0	-1
915	0	-1
916	0	-1
917	0	-1
918	0	-1
919	0	-1
920	0	-1
921	0	-1
922	0	-1
923	0	-1
924	0	-1
925	0	-1
926	0	-1
927	0	-1
928	0	-1
929	0	-1
930	0	-1
931	0	-1
932	0	-1
933	0	-1
934	0	-1
935	0	-1
936	0	-1
937	0	-1
938	0	-1
939	0	-1
940	0	-1
941	0	-1
942	0	-1
943	0	-1
944	0	-1
945	0	-1
946	0	-1
947	0	-1
948	0	-1
949	0	-1
950	0	-1
951	0	-1
952	0	-1
953	0	-1
954	0	-1
955	0	-1
956	0	-1
957	0	-1
958	0	-1
959	0	-1
960	0	-1
961	0	-1
962	0	-1
963	0	-1
964	0	-1
965	0	-1
966	0	-1
967	0	-1
968	0	-1
969	0	-1
970	0	-1
971	0	-1
972	0	-1
973	0	-1
974	0	-1
975	0	-1
976	0	-1
977	0	-1
978	0	-1
979	0	-1
980	0	-1
981	0	-1
982	0	-1
983	0	-1
984	0	-1
985	0	-1
986	0	-1
987	0	-1
988	0	-1
989	0	-1
990	0	-1
991	0	-1
992	0	-1
993	0	-1
994	0	-1
995	0	-1
996	0	-1
997	0	-1
998	0	-1
999	0	-1
1000	0	-1
1001	0	-1
1002	0	-1
1003	0	-1
1004	0	-1
1005	0	-1
1006	0	-1
1007	0	-1
1008	0	-1
1009	0	-1
1010	0	-1
1011	0	-1
1012	0	-1
1013	0	-1
1014	0	-1
1015	0	-1
1016	0	-1
1017	0	-1
1018	0	-1
1019	0	-1
1020	0	-1
1021	0	-1
1022	0	-1
1023	0	-1
1024	0	-1
1025	0	-1
1026	0	-1
1027	0	-1
1028	0	-1
1029	0	-1
1030	0	-1
1031	0	-1
1032	0	-1
1033	0	-1
1034	0	-1
1035	0	-1
1036	0	-1
1037	0	-1
1038	0	-1
1039	0	-1
1040	0	-1
1041	0	-1
1042	0	-1
1043	0	-1
1044	0	-1
1045	0	-1
1046	0	-1
1047	0	-1
1048	0	-1
1049	0	-1
1050	0	-1
1051	0	-1
1052	0	-1
1053	0	-1
1054	0	-1
1055	0	-1
1056	0	-1
1057	0	-1
1058	0	-1
1059	0	-1
1060	0	-1
1061	0	-1
1062	0	-1
1063	0	-1
1064	0	-1
1065	0	-1
1066	0	-1
1067	0	-1
1068	0	-1
1069	0	-1
1070	0	-1
1071	0	-1
1072	0	-1
1073	0	-1
1074	0	-1
1075	0	-1
1076	0	-1
1077	0	-1
1078	0	-1
1079	0	-1
1080	0	-1
1081	0	-1
1082	0	-1
1083	0	-1
1084	0	-1
1085	0	-1
1086	0	-1
1087	0	-1
1088	0	-1
1089	0	-1
1090	0	-1
1091	0	-1
1092	0	-1
1093	0	-1
1094	0	-1
1095	0	-1
1096	0	-1
1097	0	-1
1098	0	-1
1099	0	-1
1100	0	-1
1101	0	-1
1102	0	-1
1103	0	-1
1104	0	-1
1105	0	-1
1106	0	-1
1107	0	-1
1108	0	-1
1109	0	-1
1110	0	-1
1111	0	-1
1112	0	-1
1113	0	-1
1114	0	-1
1115	0	-1
1116	0	-1
1117	0	-1
1118	0	-1
1119	0	-1
1120	0	-1
1121	0	-1
1122	0	-1
1123	0	-1
1124	0	-1
1125	0	-1
1126	0	-1
1127	0	-1
1128	0	-1
1129	0	-1
1130	0	-1
1131	0	-1
1132	0	-1
1133	0	-1
1134	0	-1
1135	0	-1
1136	0	-1
1137	0	-1
1138	0	-1
1139	0	-1
1140	0	-1
1141	0	-1
1142	0	-1
1143	0	-1
1144	0	-1
1145	0	-1
1146	0	-1
1147	0	-1
1148	0	-1
1149	0	-1
1150	0	-1
1151	0	-1
1152	0	-1
1153	0	-1
1154	0	-1
1155	0	-1
1156	0	-1
1157	0	-1
1158	0	-1
1159	0	-1
1160	0	-1
1161	0	-1
1162	0	-1
1163	0	-1
1164	0	-1
1165	0	-1
1166	0	-1
1167	0	-1
1168	0	-1
1169	0	-1
1170	0	-1
1171	0	-1
1172	0	-1
1173	0	-1
1174	0	-1
1175	0	-1
1176	0	-1
1177	0	-1
1178	0	-1
1179	0	-1
1180	0	-1
1181	0	-1
1182	0	-1
1183	0	-1
1184	0	-1
1185	0	-1
1186	0	-1
1187	0	-1
1188	0	-1
1189	0	-1
1190	0	-1
1191	0	-1
1192	0	-1
1193	0	-1
1194	0	-1
1195	0	-1
1196	0	-1
1197	0	-1
1198	0	-1
1199	0	-1
1200	0	-1
1201	0	-1
1202	0	-1
1203	0	-1
1204	0	-1
1205	0	-1
1206	0	-1
1207	0	-1
1208	0	-1
1209	0	-1
1210	0	-1
1211	0	-1
1212	0	-1
1213	0	-1
1214	0	-1
1215	0	-1
1216	0	-1
1217	0	-1
1218	0	-1
1219	0	-1
1220	0	-1
1221	0	-1
1222	0	-1
1223	0	-1
1224	0	-1
1225	0	-1
1226	0	-1
1227	0	-1
1228	0	-1
1229	0	-1
1230	0	-1
1231	0	-1
1232	0	-1
1233	0	-1
1234	0	-1
1235	0	-1
1236	0	-1
1237	0	-1
1238	0	-1
1239	0	-1
1240	0	-1
1241	0	-1
1242	0	-1
1243	0	-1
1244	0	-1
1245	0	-1
1246	0	-1
1247	0	-1
1248	0	-1
1249	0	-1
1250	0	-1
1251	0	-1
1252	0	-1
1253	0	-1
1254	0	-1
1255	0	-1
1256	0	-1
1257	0	-1
1258	0	-1
1259	0	-1
1260	0	-1
1261	0	-1
1262	0	-1
1263	0	-1
1264	0	-1
1265	0	-1
1266	0	-1
1267	0	-1
1268	0	-1
1269	0	-1
1270	0	-1
1271	0	-1
1272	0	-1
1273	0	-1
1274	0	-1
1275	0	-1
1276	0	-1
1277	0	-1
1278	0	-1
1279	0	-1
1280	0	-1
1281	0	-1
1282	0	-1
1283	0	-1
1284	0	-1
1285	0	-1
1286	0	-1
1287	0	-1
1288	0	-1
1289	0	-1
1290	0	-1
1291	0	-1
1292	0	-1
1293	0	-1
1294	0	-1
1295	0	-1
1296	0	-1
1297	0	-1
1298	0	-1
1299	0	-1
1300	0	-1
1301	0	-1
1302	0	-1
1303	0	-1
1304	0	-1
1305	0	-1
1306	0	-1
1307	0	-1
1308	0	-1
1309	0	-1
1310	0	-1
1311	0	-1
1312	0	-1
1313	0	-1
1314	0	-1
1315	0	-1
1316	0	-1
1317	0	-1
1318	0	-1
1319	0	-1
1320	0	-1
1321	0	-1
1322	0	-1
1323	0	-1
1324	0	-1
1325	0	-1
1326	0	-1
1327	0	-1
1328	0	-1
1329	0	-1
1330	0	-1
1331	0	-1
1332	0	-1
1333	0	-1
1334	0	-1
1335	0	-1
1336	0	-1
1337	0	-1
1338	0	-1
1339	0	-1
1340	0	-1
1341	0	-1
1342	0	-1
1343	0	-1
1344	0	-1
1345	0	-1
1346	0	-1
1347	0	-1
1348	0	-1
1349	0	-1
1350	0	-1
1351	0	-1
1352	0	-1
1353	0	-1
1354	0	-1
1355	0	-1
1356	0	-1
1357	0	-1
1358	0	-1
1359	0	-1
1360	0	-1
1361	0	-1
1362	0	-1
1363	0	-1
1364	0	-1
1365	0	-1
1366	0	-1
1367	0	-1
1368	0	-1
1369	0	-1
1370	0	-1
1371	0	-1
1372	0	-1
1373	0	-1
1374	0	-1
1375	0	-1
1376	0	-1
1377	0	-1
1378	0	-1
1379	0	-1
1380	0	-1
1381	0	-1
1382	0	-1
1383	0	-1
1384	0	-1
1385	0	-1
1386	0	-1
1387	0	-1
1388	0	-1
1389	0	-1
1390	0	-1
1391	0	-1
1392	0	-1
1393	0	-1
1394	0	-1
1395	0	-1
1396	0	-1
1397	0	-1
1398	0	-1
1399	0	-1
1400	0	-1
1401	0	-1
1402	0	-1
1403	0	-1
1404	0	-1
1405	0	-1
1406	0	-1
1407	0	-1
1408	0	-1
1409	0	-1
1410	0	-1
1411	0	-1
1412	0	-1
1413	0	-1
1414	0	-1
1415	0	-1
1416	0	-1
1417	0	-1
1418	0	-1
1419	0	-1
1420	0	-1
1421	0	-1
1422	0	-1
1423	0	-1
1424	0	-1
1425	0	-1
1426	0	-1
1427	0	-1
1428	0	-1
1429	0	-1
1430	0	-1
1431	0	-1
1432	0	-1
1433	0	-1
1434	0	-1
1435	0	-1
1436	0	-1
1437	0	-1
1438	0	-1
1439	0	-1
1440	0	-1
1441	0	-1
1442	0	-1
1443	0	-1
1444	0	-1
1445	0	-1
1446	0	-1
1447	0	-1
1448	0	-1
1449	0	-1
1450	0	-1
1451	0	-1
1452	0	-1
1453	0	-1
1454	0	-1
1455	0	-1
1456	0	-1
1457	0	-1
1458	0	-1
1459	0	-1
1460	0	-1
1461	0	-1
1462	0	-1
1463	0	-1
1464	0	-1
1465	0	-1
1466	0	-1
1467	0	-1
1468	0	-1
1469	0	-1
1470	0	-1
1471	0	-1
1472	0	-1
1473	0	-1
1474	0	-1
1475	0	-1
1476	0	-1
1477	0	-1
1478	0	-1
1479	0	-1
1480	0	-1
1481	0	-1
1482	0	-1
1483	0	-1
1484	0	-1
1485	0	-1
1486	0	-1
1487	0	-1
1488	0	-1
1489	0	-1
1490	0	-1
1491	0	-1
1492	0	-1
1493	0	-1
1494	0	-1
1495	0	-1
1496	0	-1
1497	0	-1
1498	0	-1
1499	0	-1
1500	0	-1
1501	0	-1
1502	0	-1
1503	0	-1
1504	0	-1
1505	0	-1
1506	0	-1
1507	0	-1
1508	0	-1
1509	0	-1
1510	0	-1
1511	0	-1
1512	0	-1
1513	0	-1
1514	0	-1
1515	0	-1
1516	0	-1
1517	0	-1
1518	0	-1
1519	0	-1
1520	0	-1
1521	0	-1
1522	0	-1
1523	0	-1
1524	0	-1
1525	0	-1
1526	0	-1
1527	0	-1
1528	0	-1
1529	0	-1
1530	0	-1
1531	0	-1
1532	0	-1
1533	0	-1
1534	0	-1
1535	0	-1
1536	0	-1
1537	0	-1
1538	0	-1
1539	0	-1
1540	0	-1
1541	0	-1
1542	0	-1
1543	0	-1
1544	0	-1
1545	0	-1
1546	0	-1
1547	0	-1
1548	0	-1
1549	0	-1
1550	0	-1
1551	0	-1
1552	0	-1
1553	0	-1
1554	0	-1
1555	0	-1
1556	0	-1
1557	0	-1
1558	0	-1
1559	0	-1
1560	0	-1
1561	0	-1
1562	0	-1
1563	0	-1
1564	0	-1
1565	0	-1
1566	0	-1
1567	0	-1
1568	0	-1
1569	0	-1
1570	0	-1
1571	0	-1
1572	0	-1
1573	0	-1
1574	0	-1
1575	0	-1
1576	0	-1
1577	0	-1
1578	0	-1
1579	0	-1
1580	0	-1
1581	0	-1
1582	0	-1
1583	0	-1
1584	0	-1
1585	0	-1
1586	0	-1
1587	0	-1
1588	0	-1
1589	0	-1
1590	0	-1
1591	0	-1
1592	0	-1
1593	0	-1
1594	0	-1
1595	0	-1
1596	0	-1
1597	0	-1
1598	0	-1
1599	0	-1
1600	0	-1
1601	0	-1
1602	0	-1
1603	0	-1
1604	0	-1
1605	0	-1
1606	0	-1
1607	0	-1
1608	0	-1
1609	0	-1
1610	0	-1
1611	0	-1
1612	0	-1
1613	0	-1
1614	0	-1
1615	0	-1
1616	0	-1
1617	0	-1
1618	0	-1
1619	0	-1
1620	0	-1
1621	0	-0.833333333333333
1622	0	-0.666666666666667
1623	0	-0.5
1624	0	-0.333333333333333
1625	0	-0.166666666666667
1626	0	0
