position	positive	negative
1	0	-0.166666666666667
2	0	-0.333333333333333
3	0	-0.5
4	0	-0.666666666666667
5	0	-0.833333333333333
6	0	-1
7	0	-1
8	0	-1
9	0	-1
10	0	-1
11	0	-1
12	0	-1
13	0	-1
14	0	-1
15	0	-1
16	0	-1
17	0	-1
18	0	-1
19	0	-1
20	0	-1
21	0	-1
22	0	-1
23	0	-1
24	0	-1
25	0	-1
26	0	-1
27	0	-1
28	0	-1
29	0	-1
30	0	-1
31	0	-1
32	0	-1
33	0	-1
34	0	-1
35	0	-1
36	0	-1
37	0	-1
38	0	-1
39	0	-1
40	0	-1
41	0	-1
42	0	-1
43	0	-1
44	0	-1
45	0	-1
46	0	-1
47	0	-1
48	0	-1
49	0	-1
50	0	-1
51	0	-1
52	0	-1
53	0	-1
54	0	-1
55	0	-1
56	0	-1
57	0	-1
58	0	-1
59	0	-1
60	0	-1
61	0	-1
62	0	-1
63	0	-1
64	0	-1
65	0	-1
66	0	-1
67	0	-1
68	0	-1
69	0	-1
70	0	-1
71	0	-1
72	0	-1
73	0	-1
74	0	-1
75	0	-1
76	0	-1
77	0	-1
78	0	-1
79	0	-1
80	0	-1
81	0	-1
82	0	-1
83	0	-1
84	0	-1
85	0	-1
86	0	-1
87	0	-1
88	0	-1
89	0	-1
90	0	-1
91	0	-1
92	0	-1
93	0	-1
94	0	-1
95	0	-1
96	0	-1
97	0	-1
98	0	-1
99	0	-1
100	0	-1
101	0	-1
102	0	-1
103	0	-1
104	0	-1
105	0	-1
106	0	-1
107	0	-1
108	0	-1
109	0	-1
110	0	-1
111	0	-1
112	0	-1
113	0	-1
114	0	-1
115	0	-1
116	0	-1
117	0	-1
118	0	-1
119	0	-1
120	0	-1
121	0	-1
122	0	-1
123	0	-1
124	0	-1
125	0	-1
126	0	-1
127	0	-1
128	0	-1
129	0	-1
130	0	-1
131	0	-1
132	0	-1
133	0	-1
134	0	-1
135	0	-1
136	0	-1
137	0	-1
138	0	-1
139	0	-1
140	0	-1
141	0	-1
142	0	-1
143	0	-1
144	0	-1
145	0	-1
146	0	-1
147	0	-1
148	0	-1
149	0	-1
150	0	-1
151	0	-1
152	0	-0.666666666666667
153	0	-0.333333333333333
154	0	0
155	0.333333333333333	0
156	0.666666666666667	0
157	0.833333333333333	0
158	1	0
159	1	0
160	1	0
161	1	0
162	1	0
163	1	0
164	1	0
165	1	0
166	1	0
167	1	0
168	1	0
169	1	0
170	1	0
171	1	0
172	1	0
173	1	0
174	1	0
175	1	0
176	1	0
177	1	0
178	1	0
179	1	0
180	1	0
181	1	0
182	1	0
183	0.666666666666667	0
184	0.666666666666667	0
185	0.666666666666667	0
186	0.666666666666667	0
187	0.666666666666667	0
188	0.666666666666667	0
189	1	0
190	0.666666666666667	0
191	0.333333333333333	0
192	0.666666666666667	0
193	0.666666666666667	0
194	0.833333333333333	0
195	1	0
196	1	0
197	1	0
198	1	0
199	1	0
200	1	0
201	1	0
202	1	0
203	1	0
204	1	0
205	1	0
206	1	0
207	1	0
208	1	0
209	1	0
210	1	0
211	1	0
212	1	0
213	1	0
214	1	0
215	1	0
216	1	0
217	1	0
218	1	0
219	1	0
220	1	0
221	1	0
222	1	0
223	1	0
224	1	0
225	1	0
226	1	0
227	1	0
228	1	0
229	1	0
230	1	0
231	1	0
232	1	0
233	1	0
234	1	0
235	0.666666666666667	0
236	0.666666666666667	0
237	0.666666666666667	0
238	0.333333333333333	0
239	0.333333333333333	0
240	0.333333333333333	0
241	0.333333333333333	0
242	0.333333333333333	0
243	0.333333333333333	0
244	0.333333333333333	0
245	0.333333333333333	0
246	0	0
247	0	-0.166666666666667
248	0	-0.166666666666667
249	0	-0.333333333333333
250	0	-0.166666666666667
251	0.166666666666667	0
252	0.333333333333333	0
253	0.5	0
254	0.666666666666667	0
255	1	0
256	1	0
257	1	0
258	1	0
259	1	0
260	1	0
261	0.666666666666667	0
262	0.666666666666667	0
263	0.833333333333333	0
264	1	0
265	0.833333333333333	0
266	0.833333333333333	0
267	1	0
268	0.666666666666667	0
269	0.666666666666667	0
270	0.666666666666667	0
271	0.666666666666667	0
272	0.666666666666667	0
273	0.666666666666667	0
274	1	0
275	1	0
276	1	0
277	1	0
278	1	0
279	1	0
280	1	0
281	1	0
282	1	0
283	1	0
284	1	0
285	1	0
286	1	0
287	1	0
288	1	0
289	1	0
290	1	0
291	1	0
292	1	0
293	1	0
294	1	0
295	1	0
296	1	0
297	1	0
298	1	0
299	1	0
300	1	0
301	1	0
302	1	0
303	1	0
304	1	0
305	1	0
306	0.666666666666667	0
307	0.333333333333333	0
308	0.333333333333333	0
309	0	0
310	0	-0.166666666666667
311	0	-0.333333333333333
312	0	-0.333333333333333
313	0	-0.666666666666667
314	0	-1
315	0	-1
316	0	-1
317	0	-1
318	0	-1
319	0	-1
320	0	-1
321	0	-1
322	0	-1
323	0	-1
324	0	-1
325	0	-1
326	0	-1
327	0	-1
328	0	-1
329	0	-1
330	0	-1
331	0	-1
332	0	-1
333	0	-1
334	0	-1
335	0	-1
336	0	-1
337	0	-1
338	0	-1
339	0	-1
340	0	-1
341	0	-1
342	0	-1
343	0	-1
344	0	-1
345	0	-1
346	0	-1
347	0	-1
348	0	-1
349	0	-1
350	0	-1
351	0	-1
352	0	-1
353	0	-1
354	0	-1
355	0	-1
356	0	-1
357	0	-1
358	0	-1
359	0	-1
360	0	-1
361	0	-1
362	0	-1
363	0	-1
364	0	-0.666666666666667
365	0	-0.666666666666667
366	0	-0.333333333333333
367	0	0
368	0.333333333333333	0
369	0.666666666666667	0
370	1	0
371	1	0
372	1	0
373	1	0
374	1	0
375	1	0
376	1	0
377	1	0
378	1	0
379	1	0
380	1	0
381	1	0
382	1	0
383	1	0
384	1	0
385	1	0
386	1	0
387	1	0
388	1	0
389	1	0
390	1	0
391	1	0
392	1	0
393	1	0
394	1	0
395	1	0
396	1	0
397	1	0
398	1	0
399	1	0
400	1	0
401	1	0
402	1	0
403	1	0
404	0.833333333333333	0
405	1	0
406	0.666666666666667	0
407	0.666666666666667	0
408	0.666666666666667	0
409	0.333333333333333	0
410	0	0
411	0	0
412	0	0
413	0	0
414	0	-0.333333333333333
415	0	-0.666666666666667
416	0	-0.666666666666667
417	0	-1
418	0	-1
419	0	-0.833333333333333
420	0	-1
421	0	-0.666666666666667
422	0	-0.666666666666667
423	0	-0.666666666666667
424	0	-0.666666666666667
425	0	-1
426	0	-1
427	0	-1
428	0	-1
429	0	-1
430	0	-1
431	0	-1
432	0	-1
433	0	-1
434	0	-1
435	0	-1
436	0	-1
437	0	-1
438	0	-1
439	0	-1
440	0	-1
441	0	-1
442	0	-1
443	0	-1
444	0	-1
445	0	-1
446	0	-1
447	0	-1
448	0	-0.666666666666667
449	0	-0.333333333333333
450	0	-0.333333333333333
451	0	0
452	0.333333333333333	0
453	0.333333333333333	0
454	0.333333333333333	0
455	0.333333333333333	0
456	0	0
457	0	-0.333333333333333
458	0	-0.333333333333333
459	0	-0.333333333333333
460	0	-0.333333333333333
461	0	0
462	0.333333333333333	0
463	0.666666666666667	0
464	0.666666666666667	0
465	0.333333333333333	0
466	0	0
467	0	-0.333333333333333
468	0	-0.333333333333333
469	0	-0.333333333333333
470	0	-0.333333333333333
471	0	-0.333333333333333
472	0	0
473	0	0
474	0	0
475	0	-0.333333333333333
476	0	-0.166666666666667
477	0	-0.333333333333333
478	0	-0.333333333333333
479	0	-0.333333333333333
480	0	-0.333333333333333
481	0	-0.166666666666667
482	0	0
483	0	-0.333333333333333
484	0	0
485	0	0
486	0	0
487	0.333333333333333	0
488	0.666666666666667	0
489	1	0
490	0.666666666666667	0
491	0.666666666666667	0
492	0.666666666666667	0
493	1	0
494	0.666666666666667	0
495	0.666666666666667	0
496	1	0
497	1	0
498	1	0
499	1	0
500	1	0
501	0.666666666666667	0
502	1	0
503	0.666666666666667	0
504	0.5	0
505	0.333333333333333	0
506	0	0
507	0.333333333333333	0
508	0.166666666666667	0
509	0	0
510	0	0
511	0	-0.333333333333333
512	0	-0.333333333333333
513	0	-0.666666666666667
514	0	-1
515	0	-1
516	0	-1
517	0	-1
518	0	-1
519	0	-1
520	0	-1
521	0	-1
522	0	-1
523	0	-1
524	0	-1
525	0	-1
526	0	-1
527	0	-1
528	0	-1
529	0	-1
530	0	-1
531	0	-1
532	0	-1
533	0	-1
534	0	-1
535	0	-1
536	0	-1
537	0	-1
538	0	-1
539	0	-1
540	0	-1
541	0	-1
542	0	-1
543	0	-1
544	0	-0.833333333333333
545	0	-0.666666666666667
546	0	-0.5
547	0	-0.333333333333333
548	0	-0.166666666666667
549	0	0
