position	positive	negative
1	0	-0.166666666666667
2	0	-0.333333333333333
3	0	-0.5
4	0	-0.666666666666667
5	0	-0.833333333333333
6	0	-1
7	0	-1
8	0	-1
9	0	-1
10	0	-1
11	0	-1
12	0	-1
13	0	-1
14	0	-1
15	0	-1
16	0	-1
17	0	-1
18	0	-1
19	0	-1
20	0	-1
21	0	-1
22	0	-1
23	0	-1
24	0	-1
25	0	-1
26	0	-1
27	0	-1
28	0	-1
29	0	-1
30	0	-1
31	0	-1
32	0	-1
33	0	-1
34	0	-1
35	0	-1
36	0	-1
37	0	-1
38	0	-1
39	0	-1
40	0	-1
41	0	-1
42	0	-1
43	0	-1
44	0	-1
45	0	-1
46	0	-1
47	0	-1
48	0	-1
49	0	-1
50	0	-1
51	0	-1
52	0	-1
53	0	-1
54	0	-1
55	0	-1
56	0	-1
57	0	-1
58	0	-1
59	0	-1
60	0	-1
61	0	-1
62	0	-1
63	0	-1
64	0	-1
65	0	-1
66	0	-1
67	0	-1
68	0	-1
69	0	-1
70	0	-1
71	0	-1
72	0	-1
73	0	-1
74	0	-0.666666666666667
75	0	-0.333333333333333
76	0	0
77	0.333333333333333	0
78	0.333333333333333	0
79	0.333333333333333	0
80	0	0
81	0	-0.333333333333333
82	0	-0.666666666666667
83	0	-0.666666666666667
84	0	-0.666666666666667
85	0	-0.333333333333333
86	0	0
87	0.333333333333333	0
88	0.333333333333333	0
89	0.666666666666667	0
90	1	0
91	1	0
92	1	0
93	1	0
94	1	0
95	1	0
96	1	0
97	1	0
98	1	0
99	1	0
100	1	0
101	1	0
102	1	0
103	1	0
104	1	0
105	1	0
106	1	0
107	1	0
108	1	0
109	1	0
110	1	0
111	1	0
112	1	0
113	1	0
114	1	0
115	1	0
116	1	0
117	1	0
118	1	0
119	1	0
120	1	0
121	1	0
122	1	0
123	1	0
124	1	0
125	1	0
126	1	0
127	1	0
128	1	0
129	1	0
130	1	0
131	1	0
132	1	0
133	1	0
134	1	0
135	1	0
136	1	0
137	1	0
138	1	0
139	1	0
140	1	0
141	0.666666666666667	0
142	0.5	0
143	0.5	0
144	0.5	0
145	0.5	0
146	0.833333333333333	0
147	1	0
148	1	0
149	1	0
150	1	0
151	1	0
152	1	0
153	1	0
154	1	0
155	1	0
156	1	0
157	1	0
158	1	0
159	1	0
160	1	0
161	1	0
162	1	0
163	1	0
164	1	0
165	1	0
166	1	0
167	1	0
168	0.666666666666667	0
169	0.666666666666667	0
170	0.333333333333333	0
171	0.166666666666667	0
172	0	0
173	0	-0.333333333333333
174	0	-0.666666666666667
175	0	-1
176	0	-1
177	0	-1
178	0	-1
179	0	-1
180	0	-1
181	0	-1
182	0	-1
183	0	-1
184	0	-0.666666666666667
185	0	-0.333333333333333
186	0	0
187	0.333333333333333	0
188	0.666666666666667	0
189	1	0
190	1	0
191	1	0
192	1	0
193	1	0
194	0.666666666666667	0
195	0.333333333333333	0
196	0	0
197	0	-0.333333333333333
198	0	-0.666666666666667
199	0	-1
200	0	-1
201	0	-1
202	0	-1
203	0	-1
204	0	-1
205	0	-1
206	0	-1
207	0	-1
208	0	-1
209	0	-1
210	0	-1
211	0	-1
212	0	-1
213	0	-1
214	0	-1
215	0	-0.666666666666667
216	0	-0.666666666666667
217	0	-0.666666666666667
218	0	-0.666666666666667
219	0	-0.5
220	0	-0.666666666666667
221	0	-1
222	0	-1
223	0	-1
224	0	-1
225	0	-1
226	0	-1
227	0	-1
228	0	-1
229	0	-1
230	0	-1
231	0	-1
232	0	-1
233	0	-1
234	0	-1
235	0	-1
236	0	-1
237	0	-1
238	0	-1
239	0	-1
240	0	-1
241	0	-1
242	0	-1
243	0	-1
244	0	-1
245	0	-1
246	0	-1
247	0	-1
248	0	-1
249	0	-0.666666666666667
250	0	-0.333333333333333
251	0	0
252	0.333333333333333	0
253	0.666666666666667	0
254	1	0
255	1	0
256	1	0
257	1	0
258	1	0
259	1	0
260	1	0
261	1	0
262	1	0
263	1	0
264	1	0
265	1	0
266	1	0
267	1	0
268	1	0
269	1	0
270	1	0
271	0.666666666666667	0
272	0.333333333333333	0
273	0	0
274	0	0
275	0	0
276	0.166666666666667	0
277	0	-0.166666666666667
278	0	-0.333333333333333
279	0	-0.333333333333333
280	0	-0.666666666666667
281	0	-0.666666666666667
282	0	-1
283	0	-1
284	0	-1
285	0	-1
286	0	-1
287	0	-1
288	0	-1
289	0	-1
290	0	-1
291	0	-1
292	0	-1
293	0	-1
294	0	-1
295	0	-1
296	0	-1
297	0	-1
298	0	-1
299	0	-1
300	0	-1
301	0	-1
302	0	-1
303	0	-1
304	0	-0.666666666666667
305	0	-0.666666666666667
306	0	-0.333333333333333
307	0	0
308	0.333333333333333	0
309	0.666666666666667	0
310	1	0
311	1	0
312	1	0
313	1	0
314	1	0
315	1	0
316	1	0
317	1	0
318	1	0
319	1	0
320	1	0
321	1	0
322	1	0
323	1	0
324	1	0
325	1	0
326	1	0
327	1	0
328	1	0
329	1	0
330	1	0
331	1	0
332	1	0
333	1	0
334	1	0
335	1	0
336	1	0
337	1	0
338	1	0
339	1	0
340	1	0
341	1	0
342	1	0
343	1	0
344	1	0
345	1	0
346	1	0
347	1	0
348	1	0
349	1	0
350	1	0
351	1	0
352	1	0
353	1	0
354	1	0
355	1	0
356	1	0
357	1	0
358	1	0
359	1	0
360	1	0
361	1	0
362	1	0
363	1	0
364	1	0
365	1	0
366	1	0
367	1	0
368	0.666666666666667	0
369	0.5	0
370	0.166666666666667	0
371	0	-0.166666666666667
372	0	-0.333333333333333
373	0	-0.666666666666667
374	0	-1
375	0	-0.666666666666667
376	0	-0.333333333333333
377	0	0
378	0.333333333333333	0
379	0.666666666666667	0
380	1	0
381	1	0
382	1	0
383	1	0
384	1	0
385	1	0
386	1	0
387	1	0
388	1	0
389	1	0
390	1	0
391	1	0
392	1	0
393	0.666666666666667	0
394	0.333333333333333	0
395	0	0
396	0	-0.333333333333333
397	0	-0.666666666666667
398	0	-0.833333333333333
399	0	-1
400	0	-1
401	0	-1
402	0	-1
403	0	-1
404	0	-1
405	0	-1
406	0	-1
407	0	-1
408	0	-1
409	0	-1
410	0	-1
411	0	-1
412	0	-1
413	0	-1
414	0	-1
415	0	-0.833333333333333
416	0	-0.5
417	0	-0.166666666666667
418	0.166666666666667	0
419	0.5	0
420	0.666666666666667	0
421	1	0
422	1	0
423	1	0
424	1	0
425	1	0
426	1	0
427	1	0
428	1	0
429	1	0
430	1	0
431	1	0
432	1	0
433	1	0
434	1	0
435	1	0
436	1	0
437	1	0
438	1	0
439	1	0
440	1	0
441	1	0
442	1	0
443	1	0
444	1	0
445	1	0
446	1	0
447	1	0
448	1	0
449	0.833333333333333	0
450	0.666666666666667	0
451	0.5	0
452	0.333333333333333	0
453	0.166666666666667	0
454	0	0
