position	positive	negative
1	0	-0.166666666666667
2	0	-0.333333333333333
3	0	-0.5
4	0	-0.666666666666667
5	0	-0.833333333333333
6	0	-1
7	0	-1
8	0	-1
9	0	-1
10	0	-1
11	0	-1
12	0	-1
13	0	-1
14	0	-1
15	0	-1
16	0	-1
17	0	-1
18	0	-1
19	0	-1
20	0	-1
21	0	-1
22	0	-1
23	0	-1
24	0	-1
25	0	-1
26	0	-1
27	0	-1
28	0	-1
29	0	-1
30	0	-1
31	0	-1
32	0	-1
33	0	-1
34	0	-1
35	0	-1
36	0	-1
37	0	-1
38	0	-1
39	0	-1
40	0	-1
41	0	-1
42	0	-1
43	0	-1
44	0	-1
45	0	-1
46	0	-1
47	0	-1
48	0	-1
49	0	-1
50	0	-1
51	0	-1
52	0	-1
53	0	-1
54	0	-1
55	0	-1
56	0	-1
57	0	-1
58	0	-1
59	0	-1
60	0	-1
61	0	-1
62	0	-1
63	0	-1
64	0	-1
65	0	-1
66	0	-1
67	0	-1
68	0	-1
69	0	-1
70	0	-1
71	0	-1
72	0	-1
73	0	-1
74	0	-1
75	0	-1
76	0	-1
77	0	-1
78	0	-1
79	0	-1
80	0	-1
81	0	-1
82	0	-1
83	0	-1
84	0	-1
85	0	-1
86	0	-1
87	0	-1
88	0	-1
89	0	-1
90	0	-1
91	0	-1
92	0	-1
93	0	-1
94	0	-1
95	0	-1
96	0	-1
97	0	-1
98	0	-1
99	0	-1
100	0	-1
101	0	-1
102	0	-1
103	0	-1
104	0	-1
105	0	-1
106	0	-1
107	0	-1
108	0	-1
109	0	-1
110	0	-0.666666666666667
111	0	-0.5
112	0	-0.333333333333333
113	0	0
114	0.333333333333333	0
115	0.666666666666667	0
116	0.5	0
117	0.833333333333333	0
118	1	0
119	1	0
120	1	0
121	0.666666666666667	0
122	0.833333333333333	0
123	0.833333333333333	0
124	0.833333333333333	0
125	0.833333333333333	0
126	0.666666666666667	0
127	1	0
128	1	0
129	1	0
130	1	0
131	1	0
132	1	0
133	1	0
134	1	0
135	1	0
136	1	0
137	1	0
138	0.666666666666667	0
139	0.666666666666667	0
140	0.5	0
141	0.333333333333333	0
142	0	0
143	0	0
144	0	-0.333333333333333
145	0	-0.5
146	0	-0.333333333333333
147	0	0
148	0.333333333333333	0
149	0.666666666666667	0
150	1	0
151	1	0
152	1	0
153	1	0
154	1	0
155	1	0
156	1	0
157	1	0
158	1	0
159	1	0
160	1	0
161	1	0
162	1	0
163	1	0
164	1	0
165	0.666666666666667	0
166	0.333333333333333	0
167	0	0
168	0	-0.333333333333333
169	0	-0.666666666666667
170	0	-1
171	0	-1
172	0	-1
173	0	-1
174	0	-1
175	0	-1
176	0	-1
177	0	-1
178	0	-1
179	0	-0.666666666666667
180	0	-0.333333333333333
181	0	0
182	0.333333333333333	0
183	0.666666666666667	0
184	1	0
185	1	0
186	1	0
187	1	0
188	1	0
189	1	0
190	1	0
191	1	0
192	1	0
193	1	0
194	1	0
195	1	0
196	1	0
197	1	0
198	1	0
199	1	0
200	1	0
201	1	0
202	1	0
203	1	0
204	1	0
205	1	0
206	1	0
207	0.666666666666667	0
208	0.5	0
209	0.333333333333333	0
210	0	0
211	0	0
212	0	0
213	0	0
214	0	0
215	0	0
216	0.166666666666667	0
217	0.333333333333333	0
218	0.666666666666667	0
219	1	0
220	1	0
221	1	0
222	1	0
223	1	0
224	1	0
225	1	0
226	1	0
227	0.666666666666667	0
228	0.333333333333333	0
229	0.333333333333333	0
230	0	0
231	0	-0.333333333333333
232	0	-0.666666666666667
233	0	-1
234	0	-1
235	0	-1
236	0	-1
237	0	-1
238	0	-1
239	0	-1
240	0	-1
241	0	-1
242	0	-1
243	0	-1
244	0	-1
245	0	-1
246	0	-1
247	0	-1
248	0	-1
249	0	-1
250	0	-1
251	0	-1
252	0	-1
253	0	-1
254	0	-1
255	0	-1
256	0	-1
257	0	-1
258	0	-1
259	0	-1
260	0	-1
261	0	-1
262	0	-1
263	0	-1
264	0	-1
265	0	-1
266	0	-0.666666666666667
267	0	-0.333333333333333
268	0	-0.166666666666667
269	0	0
270	0.333333333333333	0
271	0.666666666666667	0
272	1	0
273	1	0
274	1	0
275	1	0
276	1	0
277	1	0
278	1	0
279	0.666666666666667	0
280	0.666666666666667	0
281	0.666666666666667	0
282	0.333333333333333	0
283	0	0
284	0	-0.333333333333333
285	0	-0.333333333333333
286	0	-0.333333333333333
287	0	-0.333333333333333
288	0	-0.5
289	0	-0.833333333333333
290	0	-1
291	0	-1
292	0	-1
293	0	-0.666666666666667
294	0	-0.333333333333333
295	0	0
296	0.333333333333333	0
297	0.666666666666667	0
298	1	0
299	0.666666666666667	0
300	0.333333333333333	0
301	0	0
302	0	0
303	0.333333333333333	0
304	0.666666666666667	0
305	0.666666666666667	0
306	0.666666666666667	0
307	1	0
308	1	0
309	0.833333333333333	0
310	1	0
311	1	0
312	1	0
313	1	0
314	0.666666666666667	0
315	1	0
316	1	0
317	1	0
318	1	0
319	1	0
320	1	0
321	1	0
322	1	0
323	1	0
324	1	0
325	1	0
326	1	0
327	1	0
328	1	0
329	1	0
330	1	0
331	1	0
332	1	0
333	1	0
334	1	0
335	1	0
336	1	0
337	1	0
338	1	0
339	1	0
340	1	0
341	1	0
342	1	0
343	0.666666666666667	0
344	0.666666666666667	0
345	0.5	0
346	0.333333333333333	0
347	0	0
348	0	0
349	0.333333333333333	0
350	0.333333333333333	0
351	0.666666666666667	0
352	1	0
353	1	0
354	0.833333333333333	0
355	0.666666666666667	0
356	0.5	0
357	0.333333333333333	0
358	0	0
359	0	-0.333333333333333
360	0	-0.333333333333333
361	0	-0.333333333333333
362	0	0
363	0	0
364	0.333333333333333	0
365	0.333333333333333	0
366	0.333333333333333	0
367	0.166666666666667	0
368	0.166666666666667	0
369	0.166666666666667	0
370	0.333333333333333	0
371	0.333333333333333	0
372	0.166666666666667	0
373	0.166666666666667	0
374	0.333333333333333	0
375	0.333333333333333	0
376	0.333333333333333	0
377	0.5	0
378	0.666666666666667	0
379	1	0
380	1	0
381	1	0
382	1	0
383	1	0
384	1	0
385	1	0
386	1	0
387	1	0
388	1	0
389	1	0
390	1	0
391	1	0
392	1	0
393	0.666666666666667	0
394	0.333333333333333	0
395	0.166666666666667	0
396	0	0
397	0	-0.333333333333333
398	0	-0.333333333333333
399	0	-0.333333333333333
400	0	-0.333333333333333
401	0	-0.666666666666667
402	0	-1
403	0	-1
404	0	-1
405	0	-1
406	0	-1
407	0	-1
408	0	-1
409	0	-1
410	0	-1
411	0	-1
412	0	-1
413	0	-1
414	0	-1
415	0	-1
416	0	-1
417	0	-1
418	0	-1
419	0	-1
420	0	-1
421	0	-1
422	0	-1
423	0	-1
424	0	-1
425	0	-1
426	0	-1
427	0	-1
428	0	-1
429	0	-1
430	0	-1
431	0	-1
432	0	-1
433	0	-1
434	0	-1
435	0	-1
436	0	-1
437	0	-1
438	0	-1
439	0	-1
440	0	-1
441	0	-1
442	0	-1
443	0	-1
444	0	-1
445	0	-1
446	0	-1
447	0	-1
448	0	-1
449	0	-1
450	0	-1
451	0	-1
452	0	-1
453	0	-1
454	0	-0.666666666666667
455	0	-0.5
456	0	-0.333333333333333
457	0	-0.333333333333333
458	0	0
459	0.333333333333333	0
460	0.666666666666667	0
461	1	0
462	1	0
463	0.666666666666667	0
464	0.333333333333333	0
465	0	0
466	0	-0.333333333333333
467	0	-0.333333333333333
468	0	-0.333333333333333
469	0	0
470	0.333333333333333	0
471	0.666666666666667	0
472	1	0
473	1	0
474	1	0
475	0.666666666666667	0
476	0.333333333333333	0
477	0.333333333333333	0
478	0.333333333333333	0
479	0.5	0
480	0.5	0
481	0.666666666666667	0
482	1	0
483	1	0
484	1	0
485	1	0
486	1	0
487	1	0
488	1	0
489	1	0
490	1	0
491	1	0
492	0.666666666666667	0
493	0.333333333333333	0
494	0	0
495	0	-0.333333333333333
496	0	-0.333333333333333
497	0	-0.666666666666667
498	0	-1
499	0	-1
500	0	-1
501	0	-1
502	0	-1
503	0	-1
504	0	-1
505	0	-1
506	0	-1
507	0	-1
508	0	-1
509	0	-1
510	0	-1
511	0	-1
512	0	-1
513	0	-1
514	0	-1
515	0	-1
516	0	-1
517	0	-1
518	0	-1
519	0	-1
520	0	-1
521	0	-1
522	0	-1
523	0	-1
524	0	-1
525	0	-1
526	0	-1
527	0	-1
528	0	-1
529	0	-1
530	0	-1
531	0	-1
532	0	-1
533	0	-1
534	0	-1
535	0	-1
536	0	-1
537	0	-1
538	0	-1
539	0	-1
540	0	-1
541	0	-1
542	0	-1
543	0	-1
544	0	-1
545	0	-1
546	0	-1
547	0	-1
548	0	-1
549	0	-1
550	0	-1
551	0	-1
552	0	-1
553	0	-1
554	0	-1
555	0	-1
556	0	-1
557	0	-1
558	0	-1
559	0	-1
560	0	-1
561	0	-1
562	0	-1
563	0	-1
564	0	-1
565	0	-1
566	0	-1
567	0	-1
568	0	-1
569	0	-1
570	0	-1
571	0	-1
572	0	-1
573	0	-1
574	0	-1
575	0	-1
576	0	-1
577	0	-1
578	0	-1
579	0	-1
580	0	-1
581	0	-1
582	0	-1
583	0	-1
584	0	-0.833333333333333
585	0	-1
586	0	-0.666666666666667
587	0	-0.666666666666667
588	0	-0.5
589	0	-0.666666666666667
590	0	-1
591	0	-1
592	0	-0.833333333333333
593	0	-0.666666666666667
594	0	-0.333333333333333
595	0	-0.333333333333333
596	0	-0.666666666666667
597	0	-1
598	0	-1
599	0	-1
600	0	-1
601	0	-1
602	0	-1
603	0	-1
604	0	-1
605	0	-1
606	0	-1
607	0	-1
608	0	-1
609	0	-1
610	0	-1
611	0	-1
612	0	-1
613	0	-1
614	0	-1
615	0	-1
616	0	-1
617	0	-1
618	0	-1
619	0	-1
620	0	-1
621	0	-1
622	0	-1
623	0	-1
624	0	-1
625	0	-1
626	0	-1
627	0	-1
628	0	-1
629	0	-1
630	0	-1
631	0	-0.666666666666667
632	0	-0.666666666666667
633	0	-0.666666666666667
634	0	-0.666666666666667
635	0	-0.666666666666667
636	0	-0.333333333333333
637	0	-0.333333333333333
638	0	0
639	0	0
640	0	-0.166666666666667
641	0	-0.5
642	0	-0.666666666666667
643	0	-1
644	0	-1
645	0	-1
646	0	-1
647	0	-1
648	0	-1
649	0	-1
650	0	-1
651	0	-1
652	0	-1
653	0	-1
654	0	-1
655	0	-1
656	0	-1
657	0	-1
658	0	-1
659	0	-1
660	0	-1
661	0	-1
662	0	-1
663	0	-1
664	0	-1
665	0	-1
666	0	-1
667	0	-1
668	0	-1
669	0	-1
670	0	-1
671	0	-1
672	0	-1
673	0	-1
674	0	-1
675	0	-1
676	0	-1
677	0	-1
678	0	-1
679	0	-1
680	0	-1
681	0	-1
682	0	-1
683	0	-1
684	0	-1
685	0	-1
686	0	-1
687	0	-1
688	0	-1
689	0	-1
690	0	-1
691	0	-1
692	0	-1
693	0	-1
694	0	-1
695	0	-1
696	0	-1
697	0	-1
698	0	-1
699	0	-1
700	0	-1
701	0	-1
702	0	-1
703	0	-1
704	0	-1
705	0	-1
706	0	-1
707	0	-1
708	0	-1
709	0	-1
710	0	-1
711	0	-1
712	0	-1
713	0	-1
714	0	-1
715	0	-1
716	0	-1
717	0	-1
718	0	-1
719	0	-1
720	0	-1
721	0	-1
722	0	-1
723	0	-1
724	0	-1
725	0	-1
726	0	-1
727	0	-1
728	0	-1
729	0	-1
730	0	-1
731	0	-1
732	0	-1
733	0	-1
734	0	-1
735	0	-1
736	0	-1
737	0	-1
738	0	-1
739	0	-1
740	0	-1
741	0	-1
742	0	-0.833333333333333
743	0	-0.666666666666667
744	0	-0.5
745	0	-0.333333333333333
746	0	0
747	0	0
748	0.333333333333333	0
749	0.333333333333333	0
750	0.666666666666667	0
751	1	0
752	1	0
753	1	0
754	1	0
755	1	0
756	1	0
757	1	0
758	0.666666666666667	0
759	0.333333333333333	0
760	0	0
761	0	-0.333333333333333
762	0	-0.666666666666667
763	0	-0.833333333333333
764	0	-0.666666666666667
765	0	-0.5
766	0	-0.333333333333333
767	0	-0.166666666666667
768	0	0
