position	positive	negative
1	0	-0.166666666666667
2	0	-0.333333333333333
3	0	-0.5
4	0	-0.666666666666667
5	0	-0.833333333333333
6	0	-1
7	0	-1
8	0	-1
9	0	-1
10	0	-1
11	0	-1
12	0	-1
13	0	-1
14	0	-1
15	0	-1
16	0	-1
17	0	-1
18	0	-1
19	0	-1
20	0	-1
21	0	-1
22	0	-1
23	0	-1
24	0	-1
25	0	-1
26	0	-1
27	0	-1
28	0	-1
29	0	-1
30	0	-1
31	0	-1
32	0	-1
33	0	-1
34	0	-1
35	0	-1
36	0	-1
37	0	-1
38	0	-1
39	0	-1
40	0	-1
41	0	-1
42	0	-1
43	0	-1
44	0	-1
45	0	-1
46	0	-1
47	0	-1
48	0	-1
49	0	-1
50	0	-1
51	0	-1
52	0	-1
53	0	-1
54	0	-1
55	0	-1
56	0	-1
57	0	-1
58	0	-1
59	0	-1
60	0	-1
61	0	-1
62	0	-1
63	0	-1
64	0	-1
65	0	-1
66	0	-1
67	0	-1
68	0	-1
69	0	-1
70	0	-1
71	0	-1
72	0	-1
73	0	-1
74	0	-1
75	0	-1
76	0	-1
77	0	-1
78	0	-1
79	0	-1
80	0	-1
81	0	-1
82	0	-1
83	0	-1
84	0	-1
85	0	-1
86	0	-1
87	0	-1
88	0	-1
89	0	-1
90	0	-1
91	0	-1
92	0	-1
93	0	-1
94	0	-1
95	0	-1
96	0	-1
97	0	-1
98	0	-1
99	0	-1
100	0	-1
101	0	-1
102	0	-1
103	0	-0.666666666666667
104	0	-1
105	0	-0.666666666666667
106	0	-0.666666666666667
107	0	-1
108	0	-1
109	0	-1
110	0	-1
111	0	-1
112	0	-0.666666666666667
113	0	-0.666666666666667
114	0	-0.333333333333333
115	0	0
116	0	0
117	0	0
118	0	0
119	0.333333333333333	0
120	0.333333333333333	0
121	0.666666666666667	0
122	0.333333333333333	0
123	0.333333333333333	0
124	0.666666666666667	0
125	0.666666666666667	0
126	1	0
127	0.666666666666667	0
128	0.666666666666667	0
129	0.666666666666667	0
130	0.666666666666667	0
131	0.333333333333333	0
132	0	0
133	0	0
134	0	0
135	0	0
136	0.333333333333333	0
137	0.666666666666667	0
138	1	0
139	1	0
140	1	0
141	1	0
142	1	0
143	1	0
144	1	0
145	0.666666666666667	0
146	0.666666666666667	0
147	0.333333333333333	0
148	0.333333333333333	0
149	0.333333333333333	0
150	0	0
151	0.333333333333333	0
152	0	0
153	0	0
154	0	-0.333333333333333
155	0	-0.666666666666667
156	0	-0.666666666666667
157	0	-1
158	0	-1
159	0	-1
160	0	-1
161	0	-1
162	0	-1
163	0	-1
164	0	-1
165	0	-1
166	0	-1
167	0	-1
168	0	-0.666666666666667
169	0	-0.333333333333333
170	0	0
171	0.333333333333333	0
172	0.666666666666667	0
173	1	0
174	1	0
175	1	0
176	1	0
177	1	0
178	1	0
179	1	0
180	1	0
181	1	0
182	1	0
183	1	0
184	1	0
185	1	0
186	1	0
187	1	0
188	1	0
189	1	0
190	1	0
191	1	0
192	1	0
193	1	0
194	1	0
195	1	0
196	1	0
197	1	0
198	1	0
199	1	0
200	1	0
201	1	0
202	1	0
203	1	0
204	1	0
205	1	0
206	1	0
207	0.666666666666667	0
208	0.333333333333333	0
209	0	0
210	0	-0.333333333333333
211	0	-0.666666666666667
212	0	-1
213	0	-1
214	0	-1
215	0	-1
216	0	-1
217	0	-1
218	0	-1
219	0	-1
220	0	-1
221	0	-1
222	0	-1
223	0	-1
224	0	-1
225	0	-1
226	0	-0.666666666666667
227	0	-0.333333333333333
228	0	0
229	0.333333333333333	0
230	0.666666666666667	0
231	1	0
232	1	0
233	1	0
234	1	0
235	1	0
236	1	0
237	1	0
238	1	0
239	1	0
240	0.666666666666667	0
241	0.666666666666667	0
242	0.666666666666667	0
243	0.666666666666667	0
244	0.666666666666667	0
245	0.666666666666667	0
246	0.666666666666667	0
247	0.666666666666667	0
248	0.333333333333333	0
249	0.333333333333333	0
250	0	0
251	0	-0.333333333333333
252	0	-0.333333333333333
253	0	-0.666666666666667
254	0	-0.666666666666667
255	0	-0.666666666666667
256	0	-0.333333333333333
257	0	-0.333333333333333
258	0	-0.333333333333333
259	0	0
260	0.333333333333333	0
261	0.666666666666667	0
262	1	0
263	1	0
264	1	0
265	1	0
266	0.666666666666667	0
267	0.666666666666667	0
268	1	0
269	0.666666666666667	0
270	0.333333333333333	0
271	0	0
272	0	-0.333333333333333
273	0	-0.666666666666667
274	0	-0.666666666666667
275	0	-0.666666666666667
276	0	-1
277	0	-0.666666666666667
278	0	-0.666666666666667
279	0	-1
280	0	-0.666666666666667
281	0	-1
282	0	-1
283	0	-0.666666666666667
284	0	-0.333333333333333
285	0	0
286	0.333333333333333	0
287	0.666666666666667	0
288	1	0
289	1	0
290	1	0
291	1	0
292	1	0
293	1	0
294	1	0
295	1	0
296	0.666666666666667	0
297	0.666666666666667	0
298	0.666666666666667	0
299	0.666666666666667	0
300	0.333333333333333	0
301	0.333333333333333	0
302	0.333333333333333	0
303	0.666666666666667	0
304	0.666666666666667	0
305	1	0
306	1	0
307	1	0
308	1	0
309	0.666666666666667	0
310	0.666666666666667	0
311	0.666666666666667	0
312	0.666666666666667	0
313	0.666666666666667	0
314	0.666666666666667	0
315	1	0
316	1	0
317	1	0
318	1	0
319	1	0
320	1	0
321	1	0
322	1	0
323	1	0
324	1	0
325	1	0
326	1	0
327	1	0
328	1	0
329	1	0
330	1	0
331	1	0
332	1	0
333	1	0
334	1	0
335	0.666666666666667	0
336	0.333333333333333	0
337	0	0
338	0	-0.333333333333333
339	0	-0.666666666666667
340	0	-1
341	0	-1
342	0	-1
343	0	-0.666666666666667
344	0	-0.666666666666667
345	0	-0.333333333333333
346	0	-0.333333333333333
347	0	0
348	0.333333333333333	0
349	0.333333333333333	0
350	0.666666666666667	0
351	1	0
352	1	0
353	1	0
354	1	0
355	1	0
356	1	0
357	1	0
358	1	0
359	1	0
360	1	0
361	0.666666666666667	0
362	0.666666666666667	0
363	0.333333333333333	0
364	0.333333333333333	0
365	0.333333333333333	0
366	0.333333333333333	0
367	0.666666666666667	0
368	0.666666666666667	0
369	0.666666666666667	0
370	0.666666666666667	0
371	0.666666666666667	0
372	0.666666666666667	0
373	1	0
374	1	0
375	1	0
376	1	0
377	1	0
378	1	0
379	1	0
380	1	0
381	1	0
382	1	0
383	1	0
384	1	0
385	1	0
386	1	0
387	1	0
388	1	0
389	1	0
390	1	0
391	1	0
392	1	0
393	1	0
394	1	0
395	1	0
396	1	0
397	1	0
398	1	0
399	1	0
400	1	0
401	1	0
402	1	0
403	1	0
404	1	0
405	1	0
406	1	0
407	1	0
408	1	0
409	1	0
410	1	0
411	1	0
412	1	0
413	1	0
414	1	0
415	1	0
416	1	0
417	1	0
418	1	0
419	0.666666666666667	0
420	0.666666666666667	0
421	0.333333333333333	0
422	0	0
423	0	-0.333333333333333
424	0	-0.666666666666667
425	0	-1
426	0	-1
427	0	-1
428	0	-1
429	0	-1
430	0	-1
431	0	-1
432	0	-1
433	0	-1
434	0	-1
435	0	-1
436	0	-1
437	0	-1
438	0	-1
439	0	-1
440	0	-1
441	0	-1
442	0	-1
443	0	-1
444	0	-1
445	0	-1
446	0	-1
447	0	-1
448	0	-1
449	0	-1
450	0	-1
451	0	-1
452	0	-1
453	0	-1
454	0	-1
455	0	-0.666666666666667
456	0	-0.666666666666667
457	0	-0.333333333333333
458	0	-0.333333333333333
459	0	-0.333333333333333
460	0	-0.333333333333333
461	0	-0.333333333333333
462	0	0
463	0.333333333333333	0
464	0.666666666666667	0
465	0.666666666666667	0
466	0.333333333333333	0
467	0.333333333333333	0
468	0	0
469	0	0
470	0	0
471	0	0
472	0	0
473	0	0
474	0	0
475	0	-0.333333333333333
476	0	-0.333333333333333
477	0	-0.666666666666667
478	0	-0.666666666666667
479	0	-1
480	0	-1
481	0	-1
482	0	-0.666666666666667
483	0	-0.333333333333333
484	0	-0.333333333333333
485	0	0
486	0.333333333333333	0
487	0.333333333333333	0
488	0	0
489	0	-0.333333333333333
490	0	-0.666666666666667
491	0	-0.666666666666667
492	0	-0.666666666666667
493	0	-0.333333333333333
494	0	0
495	0.333333333333333	0
496	0.333333333333333	0
497	0	0
498	0	0
499	0	-0.333333333333333
500	0	-0.666666666666667
501	0	-0.333333333333333
502	0	-0.666666666666667
503	0	-0.666666666666667
504	0	-1
505	0	-1
506	0	-1
507	0	-1
508	0	-1
509	0	-1
510	0	-1
511	0	-1
512	0	-1
513	0	-1
514	0	-1
515	0	-1
516	0	-1
517	0	-1
518	0	-1
519	0	-1
520	0	-1
521	0	-1
522	0	-1
523	0	-1
524	0	-1
525	0	-1
526	0	-1
527	0	-1
528	0	-1
529	0	-1
530	0	-1
531	0	-1
532	0	-1
533	0	-1
534	0	-1
535	0	-1
536	0	-1
537	0	-1
538	0	-1
539	0	-1
540	0	-1
541	0	-1
542	0	-1
543	0	-1
544	0	-1
545	0	-1
546	0	-1
547	0	-1
548	0	-1
549	0	-1
550	0	-1
551	0	-1
552	0	-1
553	0	-1
554	0	-1
555	0	-1
556	0	-1
557	0	-1
558	0	-1
559	0	-1
560	0	-1
561	0	-1
562	0	-1
563	0	-1
564	0	-1
565	0	-1
566	0	-1
567	0	-1
568	0	-1
569	0	-1
570	0	-1
571	0	-1
572	0	-1
573	0	-1
574	0	-1
575	0	-1
576	0	-1
577	0	-1
578	0	-1
579	0	-1
580	0	-1
581	0	-1
582	0	-1
583	0	-1
584	0	-1
585	0	-1
586	0	-1
587	0	-1
588	0	-1
589	0	-1
590	0	-1
591	0	-1
592	0	-1
593	0	-1
594	0	-1
595	0	-1
596	0	-1
597	0	-1
598	0	-1
599	0	-1
600	0	-1
601	0	-1
602	0	-1
603	0	-1
604	0	-1
605	0	-1
606	0	-1
607	0	-1
608	0	-1
609	0	-1
610	0	-1
611	0	-1
612	0	-1
613	0	-1
614	0	-1
615	0	-1
616	0	-1
617	0	-1
618	0	-1
619	0	-1
620	0	-1
621	0	-1
622	0	-1
623	0	-1
624	0	-1
625	0	-1
626	0	-1
627	0	-1
628	0	-1
629	0	-1
630	0	-1
631	0	-1
632	0	-1
633	0	-1
634	0	-1
635	0	-0.833333333333333
636	0	-0.666666666666667
637	0	-0.5
638	0	-0.333333333333333
639	0	-0.166666666666667
640	0	0
