position	positive	negative
1	0	-0.166666666666667
2	0	-0.333333333333333
3	0	-0.5
4	0	-0.666666666666667
5	0	-0.833333333333333
6	0	-1
7	0	-1
8	0	-1
9	0	-1
10	0	-1
11	0	-1
12	0	-1
13	0	-1
14	0	-1
15	0	-1
16	0	-1
17	0	-1
18	0	-1
19	0	-1
20	0	-1
21	0	-1
22	0	-0.666666666666667
23	0	-0.333333333333333
24	0	0
25	0.333333333333333	0
26	0.666666666666667	0
27	1	0
28	1	0
29	1	0
30	1	0
31	1	0
32	1	0
33	1	0
34	1	0
35	0.666666666666667	0
36	0.333333333333333	0
37	0.333333333333333	0
38	0.333333333333333	0
39	0.333333333333333	0
40	0.333333333333333	0
41	0.666666666666667	0
42	1	0
43	1	0
44	1	0
45	1	0
46	1	0
47	1	0
48	1	0
49	1	0
50	1	0
51	1	0
52	1	0
53	1	0
54	1	0
55	1	0
56	1	0
57	1	0
58	0.666666666666667	0
59	0.333333333333333	0
60	0.333333333333333	0
61	0.333333333333333	0
62	0	0
63	0	0
64	0.166666666666667	0
65	0.333333333333333	0
66	0.333333333333333	0
67	0.666666666666667	0
68	1	0
69	1	0
70	1	0
71	1	0
72	1	0
73	1	0
74	1	0
75	1	0
76	1	0
77	1	0
78	1	0
79	1	0
80	1	0
81	1	0
82	1	0
83	1	0
84	1	0
85	1	0
86	1	0
87	1	0
88	0.666666666666667	0
89	0.333333333333333	0
90	0.666666666666667	0
91	0.666666666666667	0
92	0.333333333333333	0
93	0.333333333333333	0
94	0.5	0
95	0.666666666666667	0
96	0.666666666666667	0
97	0.666666666666667	0
98	0.666666666666667	0
99	0.666666666666667	0
100	0.666666666666667	0
101	0.666666666666667	0
102	0.666666666666667	0
103	1	0
104	1	0
105	1	0
106	1	0
107	1	0
108	1	0
109	1	0
110	1	0
111	1	0
112	1	0
113	1	0
114	1	0
115	1	0
116	1	0
117	1	0
118	1	0
119	1	0
120	1	0
121	1	0
122	1	0
123	1	0
124	1	0
125	1	0
126	1	0
127	0.666666666666667	0
128	0.666666666666667	0
129	0.5	0
130	0.666666666666667	0
131	0.666666666666667	0
132	0.666666666666667	0
133	1	0
134	1	0
135	1	0
136	0.833333333333333	0
137	0.666666666666667	0
138	0.5	0
139	0.333333333333333	0
140	0.166666666666667	0
141	0	0
