position	positive	negative
1	0	-0.166666666666667
2	0	-0.333333333333333
3	0	-0.5
4	0	-0.666666666666667
5	0	-0.833333333333333
6	0	-1
7	0	-1
8	0	-1
9	0	-1
10	0	-1
11	0	-1
12	0	-1
13	0	-1
14	0	-1
15	0	-1
16	0	-1
17	0	-1
18	0	-1
19	0	-1
20	0	-1
21	0	-1
22	0	-1
23	0	-1
24	0	-1
25	0	-1
26	0	-1
27	0	-1
28	0	-1
29	0	-1
30	0	-1
31	0	-1
32	0	-1
33	0	-1
34	0	-1
35	0	-1
36	0	-1
37	0	-1
38	0	-1
39	0	-1
40	0	-1
41	0	-1
42	0	-1
43	0	-1
44	0	-1
45	0	-1
46	0	-1
47	0	-1
48	0	-1
49	0	-1
50	0	-1
51	0	-1
52	0	-1
53	0	-1
54	0	-1
55	0	-1
56	0	-1
57	0	-1
58	0	-1
59	0	-1
60	0	-1
61	0	-1
62	0	-1
63	0	-1
64	0	-1
65	0	-1
66	0	-1
67	0	-1
68	0	-1
69	0	-1
70	0	-1
71	0	-1
72	0	-1
73	0	-1
74	0	-1
75	0	-1
76	0	-1
77	0	-1
78	0	-1
79	0	-1
80	0	-1
81	0	-1
82	0	-1
83	0	-1
84	0	-1
85	0	-1
86	0	-1
87	0	-1
88	0	-1
89	0	-0.666666666666667
90	0	-0.666666666666667
91	0	-0.333333333333333
92	0	0
93	0.333333333333333	0
94	0.333333333333333	0
95	0.666666666666667	0
96	0.666666666666667	0
97	0.333333333333333	0
98	0	0
99	0	0
100	0	0
101	0	0
102	0.166666666666667	0
103	0.333333333333333	0
104	0.666666666666667	0
105	1	0
106	0.666666666666667	0
107	1	0
108	1	0
109	0.666666666666667	0
110	0.333333333333333	0
111	0	0
112	0	-0.333333333333333
113	0	-0.666666666666667
114	0	-1
115	0	-1
116	0	-1
117	0	-1
118	0	-1
119	0	-1
120	0	-0.666666666666667
121	0	-0.333333333333333
122	0	0
123	0.333333333333333	0
124	0.666666666666667	0
125	1	0
126	1	0
127	1	0
128	1	0
129	1	0
130	1	0
131	1	0
132	0.666666666666667	0
133	0.333333333333333	0
134	0	0
135	0	-0.333333333333333
136	0	-0.666666666666667
137	0	-1
138	0	-1
139	0	-1
140	0	-1
141	0	-1
142	0	-1
143	0	-1
144	0	-1
145	0	-1
146	0	-1
147	0	-1
148	0	-1
149	0	-1
150	0	-1
151	0	-1
152	0	-1
153	0	-1
154	0	-1
155	0	-1
156	0	-1
157	0	-1
158	0	-1
159	0	-1
160	0	-1
161	0	-1
162	0	-1
163	0	-1
164	0	-1
165	0	-1
166	0	-1
167	0	-1
168	0	-1
169	0	-1
170	0	-1
171	0	-1
172	0	-1
173	0	-1
174	0	-1
175	0	-1
176	0	-1
177	0	-1
178	0	-1
179	0	-1
180	0	-0.833333333333333
181	0	-0.666666666666667
182	0	-0.333333333333333
183	0	-0.166666666666667
184	0	0
185	0.333333333333333	0
186	0.666666666666667	0
187	1	0
188	1	0
189	1	0
190	0.666666666666667	0
191	0.333333333333333	0
192	0	0
193	0	-0.333333333333333
194	0	-0.666666666666667
195	0	-1
196	0	-1
197	0	-1
198	0	-1
199	0	-0.666666666666667
200	0	-0.666666666666667
201	0	-0.333333333333333
202	0	0
203	0.333333333333333	0
204	0.666666666666667	0
205	1	0
206	1	0
207	1	0
208	1	0
209	1	0
210	1	0
211	1	0
212	1	0
213	1	0
214	1	0
215	1	0
216	1	0
217	1	0
218	1	0
219	1	0
220	0.666666666666667	0
221	0.333333333333333	0
222	0	0
223	0	-0.166666666666667
224	0	-0.333333333333333
225	0	-0.333333333333333
226	0	-0.333333333333333
227	0	0
228	0.333333333333333	0
229	0.666666666666667	0
230	1	0
231	1	0
232	1	0
233	1	0
234	1	0
235	1	0
236	1	0
237	1	0
238	1	0
239	1	0
240	1	0
241	1	0
242	1	0
243	1	0
244	0.666666666666667	0
245	0.333333333333333	0
246	0	0
247	0	-0.166666666666667
248	0	-0.333333333333333
249	0	-0.333333333333333
250	0	-0.333333333333333
251	0	-0.333333333333333
252	0	-0.166666666666667
253	0.166666666666667	0
254	0.333333333333333	0
255	0.666666666666667	0
256	1	0
257	1	0
258	1	0
259	1	0
260	1	0
261	1	0
262	1	0
263	1	0
264	1	0
265	1	0
266	1	0
267	1	0
268	1	0
269	1	0
270	1	0
271	1	0
272	1	0
273	1	0
274	1	0
275	1	0
276	1	0
277	1	0
278	1	0
279	1	0
280	1	0
281	1	0
282	1	0
283	1	0
284	1	0
285	1	0
286	1	0
287	1	0
288	1	0
289	1	0
290	1	0
291	1	0
292	0.666666666666667	0
293	0.666666666666667	0
294	0.666666666666667	0
295	0.666666666666667	0
296	0.666666666666667	0
297	0.666666666666667	0
298	1	0
299	1	0
300	1	0
301	1	0
302	1	0
303	1	0
304	1	0
305	1	0
306	0.666666666666667	0
307	0.333333333333333	0
308	0.333333333333333	0
309	0.666666666666667	0
310	1	0
311	1	0
312	1	0
313	1	0
314	1	0
315	1	0
316	1	0
317	1	0
318	1	0
319	1	0
320	1	0
321	1	0
322	1	0
323	1	0
324	1	0
325	0.666666666666667	0
326	0.666666666666667	0
327	0.333333333333333	0
328	0.333333333333333	0
329	0.333333333333333	0
330	0.333333333333333	0
331	0.333333333333333	0
332	0.333333333333333	0
333	0.333333333333333	0
334	0.666666666666667	0
335	0.666666666666667	0
336	0.666666666666667	0
337	0.333333333333333	0
338	0	0
339	0	-0.333333333333333
340	0	-0.666666666666667
341	0	-1
342	0	-1
343	0	-1
344	0	-1
345	0	-1
346	0	-1
347	0	-1
348	0	-1
349	0	-1
350	0	-1
351	0	-1
352	0	-1
353	0	-1
354	0	-1
355	0	-1
356	0	-1
357	0	-0.666666666666667
358	0	-0.333333333333333
359	0	-0.166666666666667
360	0.166666666666667	0
361	0.5	0
362	0.833333333333333	0
363	1	0
364	1	0
365	1	0
366	1	0
367	1	0
368	1	0
369	1	0
370	1	0
371	1	0
372	1	0
373	1	0
374	1	0
375	1	0
376	1	0
377	1	0
378	1	0
379	1	0
380	1	0
381	0.833333333333333	0
382	0.5	0
383	0.333333333333333	0
384	0	0
385	0	0
386	0	0
387	0	0
388	0	0
389	0.333333333333333	0
390	0.333333333333333	0
391	0.666666666666667	0
392	0.666666666666667	0
393	0.666666666666667	0
394	1	0
395	0.833333333333333	0
396	1	0
397	1	0
398	1	0
399	1	0
400	1	0
401	1	0
402	1	0
403	1	0
404	1	0
405	1	0
406	1	0
407	1	0
408	1	0
409	1	0
410	1	0
411	1	0
412	1	0
413	0.666666666666667	0
414	0.666666666666667	0
415	0.5	0
416	0.166666666666667	0
417	0	-0.166666666666667
418	0	-0.5
419	0	-0.666666666666667
420	0	-0.666666666666667
421	0	-0.666666666666667
422	0	-0.333333333333333
423	0	-0.333333333333333
424	0	0
425	0.333333333333333	0
426	0	0
427	0	0
428	0	0
429	0	-0.333333333333333
430	0	-0.166666666666667
431	0	0
432	0	0
433	0.333333333333333	0
434	0.666666666666667	0
435	0.666666666666667	0
436	0.666666666666667	0
437	0.333333333333333	0
438	0	0
439	0	-0.333333333333333
440	0	-0.666666666666667
441	0	-1
442	0	-1
443	0	-1
444	0	-1
445	0	-1
446	0	-1
447	0	-1
448	0	-1
449	0	-1
450	0	-1
451	0	-1
452	0	-1
453	0	-1
454	0	-1
455	0	-1
456	0	-1
457	0	-1
458	0	-1
459	0	-1
460	0	-1
461	0	-1
462	0	-1
463	0	-1
464	0	-1
465	0	-1
466	0	-1
467	0	-1
468	0	-1
469	0	-1
470	0	-1
471	0	-1
472	0	-1
473	0	-1
474	0	-1
475	0	-1
476	0	-1
477	0	-1
478	0	-1
479	0	-1
480	0	-1
481	0	-1
482	0	-1
483	0	-1
484	0	-1
485	0	-1
486	0	-1
487	0	-1
488	0	-1
489	0	-1
490	0	-1
491	0	-1
492	0	-1
493	0	-1
494	0	-1
495	0	-1
496	0	-1
497	0	-1
498	0	-1
499	0	-1
500	0	-1
501	0	-1
502	0	-1
503	0	-1
504	0	-1
505	0	-1
506	0	-1
507	0	-1
508	0	-1
509	0	-1
510	0	-1
511	0	-1
512	0	-1
513	0	-1
514	0	-1
515	0	-1
516	0	-1
517	0	-1
518	0	-1
519	0	-1
520	0	-1
521	0	-1
522	0	-1
523	0	-1
524	0	-1
525	0	-1
526	0	-1
527	0	-1
528	0	-1
529	0	-1
530	0	-1
531	0	-1
532	0	-1
533	0	-1
534	0	-1
535	0	-1
536	0	-1
537	0	-1
538	0	-1
539	0	-1
540	0	-1
541	0	-1
542	0	-1
543	0	-1
544	0	-1
545	0	-1
546	0	-1
547	0	-1
548	0	-1
549	0	-1
550	0	-1
551	0	-1
552	0	-1
553	0	-1
554	0	-1
555	0	-1
556	0	-1
557	0	-1
558	0	-1
559	0	-1
560	0	-1
561	0	-1
562	0	-1
563	0	-1
564	0	-1
565	0	-0.833333333333333
566	0	-0.666666666666667
567	0	-0.5
568	0	-0.333333333333333
569	0	-0.166666666666667
570	0	0
