position	positive	negative
1	0	-0.166666666666667
2	0	-0.333333333333333
3	0	-0.5
4	0	-0.666666666666667
5	0	-0.833333333333333
6	0	-1
7	0	-1
8	0	-1
9	0	-1
10	0	-1
11	0	-1
12	0	-1
13	0	-1
14	0	-1
15	0	-1
16	0	-1
17	0	-1
18	0	-1
19	0	-1
20	0	-1
21	0	-1
22	0	-1
23	0	-1
24	0	-1
25	0	-1
26	0	-1
27	0	-1
28	0	-1
29	0	-1
30	0	-1
31	0	-1
32	0	-1
33	0	-1
34	0	-1
35	0	-1
36	0	-1
37	0	-1
38	0	-1
39	0	-1
40	0	-1
41	0	-1
42	0	-1
43	0	-1
44	0	-1
45	0	-1
46	0	-1
47	0	-1
48	0	-1
49	0	-1
50	0	-1
51	0	-1
52	0	-1
53	0	-1
54	0	-1
55	0	-1
56	0	-1
57	0	-1
58	0	-1
59	0	-1
60	0	-1
61	0	-1
62	0	-1
63	0	-1
64	0	-1
65	0	-1
66	0	-1
67	0	-1
68	0	-1
69	0	-1
70	0	-1
71	0	-1
72	0	-1
73	0	-1
74	0	-1
75	0	-1
76	0	-1
77	0	-1
78	0	-1
79	0	-1
80	0	-1
81	0	-1
82	0	-1
83	0	-1
84	0	-1
85	0	-1
86	0	-1
87	0	-1
88	0	-1
89	0	-1
90	0	-1
91	0	-1
92	0	-1
93	0	-1
94	0	-1
95	0	-1
96	0	-1
97	0	-1
98	0	-1
99	0	-1
100	0	-1
101	0	-1
102	0	-1
103	0	-1
104	0	-1
105	0	-1
106	0	-1
107	0	-1
108	0	-1
109	0	-1
110	0	-1
111	0	-1
112	0	-1
113	0	-1
114	0	-1
115	0	-1
116	0	-1
117	0	-1
118	0	-1
119	0	-1
120	0	-1
121	0	-1
122	0	-1
123	0	-1
124	0	-1
125	0	-1
126	0	-1
127	0	-1
128	0	-1
129	0	-1
130	0	-1
131	0	-1
132	0	-1
133	0	-1
134	0	-1
135	0	-1
136	0	-1
137	0	-1
138	0	-1
139	0	-1
140	0	-1
141	0	-1
142	0	-1
143	0	-1
144	0	-1
145	0	-1
146	0	-1
147	0	-1
148	0	-1
149	0	-1
150	0	-1
151	0	-1
152	0	-1
153	0	-1
154	0	-1
155	0	-1
156	0	-1
157	0	-1
158	0	-1
159	0	-1
160	0	-1
161	0	-1
162	0	-1
163	0	-1
164	0	-1
165	0	-1
166	0	-1
167	0	-1
168	0	-1
169	0	-1
170	0	-1
171	0	-1
172	0	-1
173	0	-1
174	0	-1
175	0	-1
176	0	-1
177	0	-1
178	0	-1
179	0	-1
180	0	-1
181	0	-1
182	0	-1
183	0	-1
184	0	-1
185	0	-1
186	0	-1
187	0	-1
188	0	-1
189	0	-1
190	0	-1
191	0	-1
192	0	-1
193	0	-1
194	0	-1
195	0	-0.666666666666667
196	0	-0.333333333333333
197	0	0
198	0.333333333333333	0
199	0.666666666666667	0
200	1	0
201	1	0
202	1	0
203	1	0
204	1	0
205	1	0
206	1	0
207	1	0
208	1	0
209	1	0
210	1	0
211	1	0
212	1	0
213	1	0
214	1	0
215	1	0
216	1	0
217	1	0
218	1	0
219	1	0
220	1	0
221	1	0
222	1	0
223	1	0
224	1	0
225	1	0
226	1	0
227	1	0
228	1	0
229	1	0
230	1	0
231	1	0
232	1	0
233	1	0
234	1	0
235	1	0
236	1	0
237	1	0
238	1	0
239	1	0
240	1	0
241	1	0
242	1	0
243	1	0
244	1	0
245	1	0
246	0.666666666666667	0
247	1	0
248	1	0
249	1	0
250	1	0
251	1	0
252	1	0
253	1	0
254	1	0
255	1	0
256	1	0
257	1	0
258	1	0
259	1	0
260	1	0
261	1	0
262	0.666666666666667	0
263	0.666666666666667	0
264	0.333333333333333	0
265	0	0
266	0	0
267	0	0
268	0.333333333333333	0
269	0.333333333333333	0
270	0.666666666666667	0
271	1	0
272	1	0
273	1	0
274	1	0
275	1	0
276	1	0
277	1	0
278	1	0
279	1	0
280	1	0
281	1	0
282	1	0
283	1	0
284	1	0
285	1	0
286	1	0
287	1	0
288	1	0
289	1	0
290	1	0
291	1	0
292	1	0
293	1	0
294	1	0
295	1	0
296	0.666666666666667	0
297	0.666666666666667	0
298	0.666666666666667	0
299	0.333333333333333	0
300	0.333333333333333	0
301	0.666666666666667	0
302	0.666666666666667	0
303	1	0
304	1	0
305	1	0
306	1	0
307	0.666666666666667	0
308	0.333333333333333	0
309	0	0
310	0	-0.333333333333333
311	0	-0.333333333333333
312	0	-0.666666666666667
313	0	-0.333333333333333
314	0	0
315	0.333333333333333	0
316	0.333333333333333	0
317	0.666666666666667	0
318	1	0
319	1	0
320	1	0
321	1	0
322	1	0
323	1	0
324	0.666666666666667	0
325	0.333333333333333	0
326	0	0
327	0	-0.333333333333333
328	0	-0.666666666666667
329	0	-1
330	0	-1
331	0	-1
332	0	-1
333	0	-1
334	0	-1
335	0	-1
336	0	-1
337	0	-1
338	0	-1
339	0	-1
340	0	-1
341	0	-1
342	0	-1
343	0	-1
344	0	-1
345	0	-1
346	0	-1
347	0	-1
348	0	-1
349	0	-1
350	0	-1
351	0	-1
352	0	-1
353	0	-1
354	0	-1
355	0	-1
356	0	-1
357	0	-1
358	0	-1
359	0	-1
360	0	-1
361	0	-1
362	0	-1
363	0	-1
364	0	-1
365	0	-1
366	0	-1
367	0	-0.666666666666667
368	0	-0.333333333333333
369	0	0
370	0.333333333333333	0
371	0.666666666666667	0
372	1	0
373	0.666666666666667	0
374	0.666666666666667	0
375	0.666666666666667	0
376	1	0
377	1	0
378	1	0
379	1	0
380	1	0
381	1	0
382	1	0
383	1	0
384	0.666666666666667	0
385	0.666666666666667	0
386	0.666666666666667	0
387	0.666666666666667	0
388	0.666666666666667	0
389	1	0
390	0.666666666666667	0
391	0.666666666666667	0
392	0.666666666666667	0
393	0.666666666666667	0
394	0.666666666666667	0
395	0.666666666666667	0
396	1	0
397	1	0
398	1	0
399	1	0
400	1	0
401	1	0
402	1	0
403	1	0
404	1	0
405	1	0
406	1	0
407	1	0
408	1	0
409	1	0
410	1	0
411	0.666666666666667	0
412	0.333333333333333	0
413	0.333333333333333	0
414	0	0
415	0	0
416	0.333333333333333	0
417	0.666666666666667	0
418	1	0
419	0.666666666666667	0
420	0.666666666666667	0
421	1	0
422	1	0
423	1	0
424	1	0
425	1	0
426	1	0
427	1	0
428	1	0
429	1	0
430	1	0
431	1	0
432	1	0
433	1	0
434	1	0
435	0.666666666666667	0
436	0.333333333333333	0
437	0	0
438	0	0
439	0	0
440	0	0
441	0.333333333333333	0
442	0.333333333333333	0
443	0.333333333333333	0
444	0.666666666666667	0
445	1	0
446	1	0
447	1	0
448	1	0
449	1	0
450	1	0
451	1	0
452	1	0
453	1	0
454	1	0
455	1	0
456	1	0
457	1	0
458	1	0
459	0.666666666666667	0
460	0.666666666666667	0
461	0.333333333333333	0
462	0.333333333333333	0
463	0.333333333333333	0
464	0.333333333333333	0
465	0.333333333333333	0
466	0.666666666666667	0
467	0.666666666666667	0
468	1	0
469	1	0
470	1	0
471	1	0
472	1	0
473	1	0
474	1	0
475	1	0
476	1	0
477	1	0
478	1	0
479	1	0
480	1	0
481	0.666666666666667	0
482	0.666666666666667	0
483	0.333333333333333	0
484	0	0
485	0	-0.333333333333333
486	0	-0.333333333333333
487	0	0
488	0.333333333333333	0
489	0.666666666666667	0
490	1	0
491	1	0
492	1	0
493	1	0
494	1	0
495	1	0
496	1	0
497	0.666666666666667	0
498	0.666666666666667	0
499	0.666666666666667	0
500	0.666666666666667	0
501	0.333333333333333	0
502	0.333333333333333	0
503	0.333333333333333	0
504	0.333333333333333	0
505	0	0
506	0.333333333333333	0
507	0	0
508	0	0
509	0	0
510	0	0
511	0	-0.333333333333333
512	0	-0.333333333333333
513	0	-0.666666666666667
514	0	-0.666666666666667
515	0	-0.666666666666667
516	0	-0.333333333333333
517	0	0
518	0.333333333333333	0
519	0.666666666666667	0
520	0.666666666666667	0
521	0.666666666666667	0
522	1	0
523	1	0
524	1	0
525	1	0
526	1	0
527	1	0
528	1	0
529	1	0
530	1	0
531	1	0
532	1	0
533	1	0
534	1	0
535	1	0
536	0.666666666666667	0
537	0.333333333333333	0
538	0	0
539	0	-0.333333333333333
540	0	-0.666666666666667
541	0	-1
542	0	-1
543	0	-0.666666666666667
544	0	-0.666666666666667
545	0	-0.666666666666667
546	0	-0.666666666666667
547	0	-0.666666666666667
548	0	-0.333333333333333
549	0	-0.333333333333333
550	0	0
551	0	0
552	0.333333333333333	0
553	0.333333333333333	0
554	0.333333333333333	0
555	0.666666666666667	0
556	0.666666666666667	0
557	1	0
558	1	0
559	1	0
560	1	0
561	1	0
562	1	0
563	1	0
564	0.666666666666667	0
565	0.333333333333333	0
566	0.333333333333333	0
567	0	0
568	0	-0.333333333333333
569	0	-0.333333333333333
570	0	-0.333333333333333
571	0	0
572	0	0
573	0	0
574	0	0
575	0	-0.333333333333333
576	0	-0.666666666666667
577	0	-1
578	0	-0.666666666666667
579	0	-0.333333333333333
580	0	0
581	0.333333333333333	0
582	0.666666666666667	0
583	1	0
584	1	0
585	1	0
586	1	0
587	0.666666666666667	0
588	0.666666666666667	0
589	0.666666666666667	0
590	1	0
591	1	0
592	1	0
593	1	0
594	1	0
595	0.666666666666667	0
596	0.333333333333333	0
597	0.333333333333333	0
598	0	0
599	0	-0.333333333333333
600	0	-0.666666666666667
601	0	-0.666666666666667
602	0	-1
603	0	-1
604	0	-1
605	0	-1
606	0	-1
607	0	-1
608	0	-1
609	0	-1
610	0	-1
611	0	-1
612	0	-1
613	0	-1
614	0	-1
615	0	-1
616	0	-1
617	0	-1
618	0	-1
619	0	-1
620	0	-1
621	0	-1
622	0	-1
623	0	-1
624	0	-1
625	0	-1
626	0	-1
627	0	-1
628	0	-1
629	0	-1
630	0	-1
631	0	-1
632	0	-1
633	0	-1
634	0	-1
635	0	-1
636	0	-1
637	0	-1
638	0	-1
639	0	-1
640	0	-1
641	0	-1
642	0	-1
643	0	-1
644	0	-1
645	0	-1
646	0	-1
647	0	-1
648	0	-1
649	0	-1
650	0	-1
651	0	-1
652	0	-1
653	0	-1
654	0	-1
655	0	-1
656	0	-1
657	0	-1
658	0	-1
659	0	-0.833333333333333
660	0	-0.666666666666667
661	0	-0.5
662	0	-0.333333333333333
663	0	-0.166666666666667
664	0	0
