position	positive	negative
1	0	-0.166666666666667
2	0	-0.333333333333333
3	0	-0.5
4	0	-0.666666666666667
5	0	-0.833333333333333
6	0	-1
7	0	-1
8	0	-1
9	0	-1
10	0	-1
11	0	-1
12	0	-1
13	0	-1
14	0	-1
15	0	-1
16	0	-1
17	0	-1
18	0	-1
19	0	-1
20	0	-1
21	0	-1
22	0	-1
23	0	-1
24	0	-1
25	0	-1
26	0	-1
27	0	-1
28	0	-1
29	0	-1
30	0	-1
31	0	-1
32	0	-1
33	0	-1
34	0	-1
35	0	-1
36	0	-1
37	0	-1
38	0	-1
39	0	-1
40	0	-1
41	0	-1
42	0	-1
43	0	-1
44	0	-1
45	0	-1
46	0	-1
47	0	-1
48	0	-1
49	0	-1
50	0	-1
51	0	-1
52	0	-1
53	0	-0.666666666666667
54	0	-0.666666666666667
55	0	-0.333333333333333
56	0	-0.333333333333333
57	0	-0.333333333333333
58	0	0
59	0	-0.333333333333333
60	0	0
61	0.333333333333333	0
62	0.666666666666667	0
63	0.666666666666667	0
64	0.666666666666667	0
65	1	0
66	1	0
67	1	0
68	1	0
69	0.666666666666667	0
70	0.333333333333333	0
71	0	0
72	0	-0.333333333333333
73	0	-0.666666666666667
74	0	-1
75	0	-1
76	0	-1
77	0	-1
78	0	-1
79	0	-1
80	0	-1
81	0	-1
82	0	-1
83	0	-1
84	0	-1
85	0	-1
86	0	-1
87	0	-1
88	0	-1
89	0	-1
90	0	-1
91	0	-1
92	0	-1
93	0	-1
94	0	-1
95	0	-1
96	0	-1
97	0	-1
98	0	-1
99	0	-1
100	0	-1
101	0	-1
102	0	-1
103	0	-1
104	0	-1
105	0	-1
106	0	-1
107	0	-1
108	0	-1
109	0	-1
110	0	-1
111	0	-1
112	0	-1
113	0	-1
114	0	-1
115	0	-1
116	0	-1
117	0	-1
118	0	-1
119	0	-1
120	0	-1
121	0	-1
122	0	-1
123	0	-1
124	0	-1
125	0	-1
126	0	-1
127	0	-1
128	0	-1
129	0	-1
130	0	-1
131	0	-1
132	0	-1
133	0	-1
134	0	-1
135	0	-1
136	0	-1
137	0	-1
138	0	-1
139	0	-1
140	0	-1
141	0	-1
142	0	-1
143	0	-1
144	0	-1
145	0	-1
146	0	-1
147	0	-1
148	0	-1
149	0	-1
150	0	-1
151	0	-1
152	0	-1
153	0	-1
154	0	-1
155	0	-1
156	0	-1
157	0	-1
158	0	-1
159	0	-1
160	0	-1
161	0	-1
162	0	-1
163	0	-1
164	0	-1
165	0	-1
166	0	-1
167	0	-1
168	0	-1
169	0	-1
170	0	-1
171	0	-1
172	0	-1
173	0	-1
174	0	-1
175	0	-1
176	0	-1
177	0	-1
178	0	-1
179	0	-1
180	0	-1
181	0	-1
182	0	-0.666666666666667
183	0	-0.333333333333333
184	0	-0.333333333333333
185	0	-0.333333333333333
186	0	-0.666666666666667
187	0	-0.666666666666667
188	0	-0.666666666666667
189	0	-0.666666666666667
190	0	-0.666666666666667
191	0	-0.666666666666667
192	0	-0.666666666666667
193	0	-0.666666666666667
194	0	-0.666666666666667
195	0	-1
196	0	-1
197	0	-1
198	0	-1
199	0	-1
200	0	-1
201	0	-1
202	0	-1
203	0	-1
204	0	-1
205	0	-1
206	0	-1
207	0	-1
208	0	-1
209	0	-1
210	0	-1
211	0	-1
212	0	-1
213	0	-1
214	0	-1
215	0	-1
216	0	-1
217	0	-1
218	0	-1
219	0	-1
220	0	-1
221	0	-1
222	0	-0.666666666666667
223	0	-0.333333333333333
224	0	0
225	0.333333333333333	0
226	0.666666666666667	0
227	1	0
228	1	0
229	1	0
230	1	0
231	1	0
232	1	0
233	1	0
234	1	0
235	1	0
236	1	0
237	1	0
238	1	0
239	1	0
240	1	0
241	1	0
242	1	0
243	1	0
244	1	0
245	1	0
246	1	0
247	1	0
248	1	0
249	1	0
250	1	0
251	1	0
252	1	0
253	0.666666666666667	0
254	0.666666666666667	0
255	0.333333333333333	0
256	0.333333333333333	0
257	0.333333333333333	0
258	0.333333333333333	0
259	0.333333333333333	0
260	0.666666666666667	0
261	0.666666666666667	0
262	0.666666666666667	0
263	0.666666666666667	0
264	1	0
265	0.666666666666667	0
266	0.333333333333333	0
267	0	0
268	0	-0.333333333333333
269	0	-0.666666666666667
270	0	-1
271	0	-1
272	0	-1
273	0	-1
274	0	-0.666666666666667
275	0	-0.333333333333333
276	0	0
277	0.333333333333333	0
278	0.666666666666667	0
279	1	0
280	1	0
281	1	0
282	1	0
283	1	0
284	1	0
285	1	0
286	0.666666666666667	0
287	0.333333333333333	0
288	0.666666666666667	0
289	0.666666666666667	0
290	0.333333333333333	0
291	0.333333333333333	0
292	0.666666666666667	0
293	0.666666666666667	0
294	0.666666666666667	0
295	0.333333333333333	0
296	0.666666666666667	0
297	1	0
298	1	0
299	1	0
300	1	0
301	1	0
302	1	0
303	1	0
304	1	0
305	1	0
306	1	0
307	1	0
308	1	0
309	0.666666666666667	0
310	0.333333333333333	0
311	0	0
312	0	-0.333333333333333
313	0	-0.666666666666667
314	0	-1
315	0	-1
316	0	-1
317	0	-1
318	0	-1
319	0	-1
320	0	-1
321	0	-1
322	0	-1
323	0	-0.666666666666667
324	0	-0.333333333333333
325	0	-0.333333333333333
326	0	0
327	0	0
328	0.333333333333333	0
329	0	0
330	0	0
331	0.333333333333333	0
332	0.666666666666667	0
333	1	0
334	1	0
335	0.666666666666667	0
336	0.666666666666667	0
337	0.666666666666667	0
338	0.666666666666667	0
339	0.666666666666667	0
340	0.666666666666667	0
341	1	0
342	1	0
343	1	0
344	1	0
345	1	0
346	0.666666666666667	0
347	0.666666666666667	0
348	0.666666666666667	0
349	0.666666666666667	0
350	0.666666666666667	0
351	0.666666666666667	0
352	0.666666666666667	0
353	0.666666666666667	0
354	0.666666666666667	0
355	0.666666666666667	0
356	1	0
357	1	0
358	1	0
359	1	0
360	1	0
361	1	0
362	1	0
363	1	0
364	1	0
365	1	0
366	1	0
367	1	0
368	1	0
369	1	0
370	1	0
371	1	0
372	1	0
373	1	0
374	1	0
375	1	0
376	1	0
377	1	0
378	1	0
379	1	0
380	1	0
381	1	0
382	1	0
383	1	0
384	1	0
385	0.666666666666667	0
386	0.333333333333333	0
387	0.333333333333333	0
388	0	0
389	0	-0.333333333333333
390	0	-0.666666666666667
391	0	-0.666666666666667
392	0	-1
393	0	-1
394	0	-1
395	0	-1
396	0	-1
397	0	-1
398	0	-1
399	0	-1
400	0	-1
401	0	-1
402	0	-1
403	0	-1
404	0	-1
405	0	-0.666666666666667
406	0	-0.333333333333333
407	0	0
408	0.333333333333333	0
409	0.666666666666667	0
410	0.666666666666667	0
411	0.666666666666667	0
412	0.333333333333333	0
413	0	0
414	0	-0.333333333333333
415	0	-0.666666666666667
416	0	-0.666666666666667
417	0	-0.333333333333333
418	0	0
419	0.333333333333333	0
420	0.666666666666667	0
421	1	0
422	1	0
423	1	0
424	1	0
425	1	0
426	1	0
427	1	0
428	1	0
429	1	0
430	0.666666666666667	0
431	0.333333333333333	0
432	0.333333333333333	0
433	0	0
434	0	-0.333333333333333
435	0	-0.666666666666667
436	0	-1
437	0	-1
438	0	-1
439	0	-1
440	0	-1
441	0	-1
442	0	-1
443	0	-1
444	0	-1
445	0	-1
446	0	-1
447	0	-1
448	0	-1
449	0	-1
450	0	-1
451	0	-1
452	0	-1
453	0	-1
454	0	-1
455	0	-1
456	0	-1
457	0	-1
458	0	-1
459	0	-1
460	0	-1
461	0	-1
462	0	-1
463	0	-1
464	0	-1
465	0	-1
466	0	-1
467	0	-1
468	0	-1
469	0	-1
470	0	-1
471	0	-1
472	0	-1
473	0	-1
474	0	-1
475	0	-1
476	0	-1
477	0	-1
478	0	-1
479	0	-1
480	0	-1
481	0	-1
482	0	-1
483	0	-1
484	0	-1
485	0	-1
486	0	-1
487	0	-1
488	0	-1
489	0	-1
490	0	-1
491	0	-1
492	0	-1
493	0	-1
494	0	-1
495	0	-1
496	0	-1
497	0	-1
498	0	-1
499	0	-1
500	0	-1
501	0	-1
502	0	-1
503	0	-1
504	0	-1
505	0	-1
506	0	-1
507	0	-1
508	0	-1
509	0	-1
510	0	-1
511	0	-1
512	0	-1
513	0	-1
514	0	-1
515	0	-1
516	0	-1
517	0	-1
518	0	-1
519	0	-1
520	0	-1
521	0	-1
522	0	-1
523	0	-1
524	0	-1
525	0	-1
526	0	-1
527	0	-1
528	0	-1
529	0	-1
530	0	-1
531	0	-1
532	0	-1
533	0	-1
534	0	-1
535	0	-1
536	0	-1
537	0	-1
538	0	-1
539	0	-1
540	0	-1
541	0	-1
542	0	-1
543	0	-1
544	0	-1
545	0	-1
546	0	-1
547	0	-1
548	0	-1
549	0	-1
550	0	-1
551	0	-1
552	0	-1
553	0	-0.833333333333333
554	0	-0.666666666666667
555	0	-0.5
556	0	-0.333333333333333
557	0	-0.166666666666667
558	0	0
