position	positive	negative
1	0	-0.166666666666667
2	0	-0.333333333333333
3	0	-0.5
4	0	-0.666666666666667
5	0	-0.833333333333333
6	0	-1
7	0	-1
8	0	-1
9	0	-1
10	0	-1
11	0	-1
12	0	-1
13	0	-1
14	0	-1
15	0	-1
16	0	-1
17	0	-1
18	0	-1
19	0	-1
20	0	-1
21	0	-1
22	0	-1
23	0	-1
24	0	-1
25	0	-1
26	0	-1
27	0	-1
28	0	-1
29	0	-1
30	0	-1
31	0	-1
32	0	-1
33	0	-1
34	0	-1
35	0	-1
36	0	-1
37	0	-1
38	0	-1
39	0	-1
40	0	-1
41	0	-1
42	0	-1
43	0	-1
44	0	-1
45	0	-1
46	0	-1
47	0	-1
48	0	-1
49	0	-1
50	0	-1
51	0	-1
52	0	-1
53	0	-1
54	0	-1
55	0	-1
56	0	-1
57	0	-1
58	0	-1
59	0	-1
60	0	-1
61	0	-1
62	0	-1
63	0	-1
64	0	-1
65	0	-1
66	0	-1
67	0	-1
68	0	-1
69	0	-1
70	0	-1
71	0	-1
72	0	-1
73	0	-1
74	0	-1
75	0	-1
76	0	-1
77	0	-1
78	0	-1
79	0	-1
80	0	-1
81	0	-1
82	0	-1
83	0	-1
84	0	-1
85	0	-1
86	0	-1
87	0	-1
88	0	-1
89	0	-1
90	0	-1
91	0	-1
92	0	-1
93	0	-1
94	0	-1
95	0	-1
96	0	-1
97	0	-1
98	0	-1
99	0	-1
100	0	-1
101	0	-1
102	0	-1
103	0	-1
104	0	-1
105	0	-1
106	0	-1
107	0	-1
108	0	-1
109	0	-1
110	0	-1
111	0	-1
112	0	-1
113	0	-1
114	0	-1
115	0	-1
116	0	-1
117	0	-1
118	0	-1
119	0	-1
120	0	-1
121	0	-1
122	0	-1
123	0	-1
124	0	-1
125	0	-1
126	0	-1
127	0	-1
128	0	-1
129	0	-1
130	0	-1
131	0	-1
132	0	-1
133	0	-1
134	0	-1
135	0	-1
136	0	-1
137	0	-1
138	0	-1
139	0	-1
140	0	-1
141	0	-1
142	0	-1
143	0	-1
144	0	-1
145	0	-1
146	0	-1
147	0	-1
148	0	-1
149	0	-1
150	0	-1
151	0	-1
152	0	-1
153	0	-1
154	0	-1
155	0	-1
156	0	-1
157	0	-1
158	0	-1
159	0	-1
160	0	-1
161	0	-1
162	0	-1
163	0	-1
164	0	-1
165	0	-1
166	0	-1
167	0	-1
168	0	-1
169	0	-1
170	0	-1
171	0	-1
172	0	-1
173	0	-1
174	0	-1
175	0	-1
176	0	-1
177	0	-1
178	0	-1
179	0	-1
180	0	-1
181	0	-1
182	0	-1
183	0	-1
184	0	-1
185	0	-1
186	0	-1
187	0	-1
188	0	-1
189	0	-1
190	0	-1
191	0	-1
192	0	-1
193	0	-1
194	0	-1
195	0	-1
196	0	-1
197	0	-1
198	0	-1
199	0	-1
200	0	-1
201	0	-1
202	0	-1
203	0	-1
204	0	-1
205	0	-1
206	0	-1
207	0	-1
208	0	-1
209	0	-1
210	0	-1
211	0	-1
212	0	-1
213	0	-1
214	0	-1
215	0	-1
216	0	-1
217	0	-1
218	0	-1
219	0	-1
220	0	-1
221	0	-1
222	0	-1
223	0	-1
224	0	-1
225	0	-1
226	0	-1
227	0	-1
228	0	-1
229	0	-1
230	0	-1
231	0	-1
232	0	-1
233	0	-1
234	0	-1
235	0	-1
236	0	-1
237	0	-1
238	0	-1
239	0	-1
240	0	-1
241	0	-1
242	0	-1
243	0	-1
244	0	-1
245	0	-1
246	0	-1
247	0	-1
248	0	-1
249	0	-1
250	0	-1
251	0	-1
252	0	-1
253	0	-1
254	0	-1
255	0	-1
256	0	-1
257	0	-1
258	0	-1
259	0	-1
260	0	-1
261	0	-1
262	0	-1
263	0	-1
264	0	-1
265	0	-1
266	0	-1
267	0	-1
268	0	-1
269	0	-1
270	0	-1
271	0	-1
272	0	-1
273	0	-1
274	0	-1
275	0	-1
276	0	-1
277	0	-1
278	0	-1
279	0	-1
280	0	-1
281	0	-1
282	0	-1
283	0	-1
284	0	-1
285	0	-1
286	0	-1
287	0	-1
288	0	-1
289	0	-1
290	0	-1
291	0	-1
292	0	-1
293	0	-1
294	0	-1
295	0	-1
296	0	-1
297	0	-1
298	0	-1
299	0	-1
300	0	-1
301	0	-1
302	0	-1
303	0	-1
304	0	-1
305	0	-1
306	0	-1
307	0	-1
308	0	-1
309	0	-1
310	0	-1
311	0	-1
312	0	-1
313	0	-1
314	0	-1
315	0	-1
316	0	-1
317	0	-1
318	0	-1
319	0	-1
320	0	-1
321	0	-1
322	0	-1
323	0	-1
324	0	-1
325	0	-1
326	0	-1
327	0	-1
328	0	-1
329	0	-1
330	0	-1
331	0	-1
332	0	-1
333	0	-1
334	0	-1
335	0	-1
336	0	-1
337	0	-1
338	0	-1
339	0	-1
340	0	-1
341	0	-1
342	0	-1
343	0	-1
344	0	-1
345	0	-1
346	0	-1
347	0	-1
348	0	-1
349	0	-1
350	0	-1
351	0	-1
352	0	-1
353	0	-1
354	0	-1
355	0	-1
356	0	-1
357	0	-1
358	0	-1
359	0	-1
360	0	-1
361	0	-1
362	0	-1
363	0	-1
364	0	-1
365	0	-1
366	0	-1
367	0	-1
368	0	-1
369	0	-1
370	0	-1
371	0	-1
372	0	-1
373	0	-1
374	0	-1
375	0	-1
376	0	-1
377	0	-1
378	0	-1
379	0	-1
380	0	-1
381	0	-1
382	0	-1
383	0	-1
384	0	-1
385	0	-1
386	0	-1
387	0	-1
388	0	-1
389	0	-1
390	0	-1
391	0	-1
392	0	-1
393	0	-1
394	0	-1
395	0	-1
396	0	-1
397	0	-1
398	0	-1
399	0	-1
400	0	-1
401	0	-1
402	0	-1
403	0	-1
404	0	-1
405	0	-1
406	0	-1
407	0	-1
408	0	-1
409	0	-1
410	0	-1
411	0	-1
412	0	-1
413	0	-1
414	0	-1
415	0	-1
416	0	-1
417	0	-1
418	0	-1
419	0	-1
420	0	-1
421	0	-1
422	0	-1
423	0	-1
424	0	-1
425	0	-1
426	0	-1
427	0	-1
428	0	-1
429	0	-1
430	0	-1
431	0	-1
432	0	-1
433	0	-1
434	0	-1
435	0	-1
436	0	-1
437	0	-1
438	0	-1
439	0	-1
440	0	-1
441	0	-1
442	0	-1
443	0	-1
444	0	-1
445	0	-1
446	0	-1
447	0	-1
448	0	-1
449	0	-1
450	0	-1
451	0	-1
452	0	-1
453	0	-1
454	0	-1
455	0	-1
456	0	-1
457	0	-1
458	0	-1
459	0	-1
460	0	-1
461	0	-1
462	0	-1
463	0	-1
464	0	-1
465	0	-1
466	0	-1
467	0	-1
468	0	-1
469	0	-1
470	0	-1
471	0	-1
472	0	-1
473	0	-1
474	0	-1
475	0	-1
476	0	-1
477	0	-1
478	0	-1
479	0	-1
480	0	-1
481	0	-1
482	0	-1
483	0	-1
484	0	-1
485	0	-1
486	0	-1
487	0	-1
488	0	-1
489	0	-1
490	0	-1
491	0	-1
492	0	-1
493	0	-1
494	0	-1
495	0	-1
496	0	-1
497	0	-1
498	0	-1
499	0	-1
500	0	-1
501	0	-1
502	0	-1
503	0	-1
504	0	-1
505	0	-1
506	0	-1
507	0	-1
508	0	-1
509	0	-1
510	0	-1
511	0	-1
512	0	-1
513	0	-1
514	0	-1
515	0	-1
516	0	-1
517	0	-1
518	0	-1
519	0	-1
520	0	-1
521	0	-1
522	0	-1
523	0	-1
524	0	-1
525	0	-1
526	0	-1
527	0	-1
528	0	-1
529	0	-1
530	0	-1
531	0	-1
532	0	-1
533	0	-1
534	0	-1
535	0	-1
536	0	-1
537	0	-1
538	0	-1
539	0	-1
540	0	-1
541	0	-1
542	0	-1
543	0	-1
544	0	-1
545	0	-1
546	0	-1
547	0	-1
548	0	-1
549	0	-1
550	0	-1
551	0	-1
552	0	-1
553	0	-1
554	0	-1
555	0	-1
556	0	-1
557	0	-1
558	0	-1
559	0	-1
560	0	-1
561	0	-1
562	0	-1
563	0	-1
564	0	-1
565	0	-1
566	0	-1
567	0	-1
568	0	-1
569	0	-1
570	0	-1
571	0	-1
572	0	-1
573	0	-1
574	0	-1
575	0	-1
576	0	-1
577	0	-1
578	0	-1
579	0	-1
580	0	-1
581	0	-1
582	0	-1
583	0	-1
584	0	-1
585	0	-1
586	0	-1
587	0	-1
588	0	-1
589	0	-1
590	0	-1
591	0	-1
592	0	-1
593	0	-1
594	0	-1
595	0	-1
596	0	-1
597	0	-1
598	0	-1
599	0	-1
600	0	-1
601	0	-1
602	0	-1
603	0	-1
604	0	-1
605	0	-1
606	0	-1
607	0	-1
608	0	-1
609	0	-1
610	0	-1
611	0	-1
612	0	-1
613	0	-1
614	0	-1
615	0	-1
616	0	-1
617	0	-1
618	0	-1
619	0	-1
620	0	-1
621	0	-1
622	0	-1
623	0	-1
624	0	-1
625	0	-1
626	0	-1
627	0	-1
628	0	-1
629	0	-1
630	0	-1
631	0	-1
632	0	-1
633	0	-1
634	0	-1
635	0	-1
636	0	-1
637	0	-1
638	0	-1
639	0	-1
640	0	-1
641	0	-1
642	0	-1
643	0	-1
644	0	-1
645	0	-1
646	0	-1
647	0	-1
648	0	-1
649	0	-1
650	0	-1
651	0	-1
652	0	-1
653	0	-1
654	0	-1
655	0	-1
656	0	-1
657	0	-1
658	0	-1
659	0	-1
660	0	-1
661	0	-1
662	0	-1
663	0	-1
664	0	-1
665	0	-1
666	0	-1
667	0	-1
668	0	-1
669	0	-1
670	0	-1
671	0	-1
672	0	-1
673	0	-1
674	0	-1
675	0	-1
676	0	-1
677	0	-1
678	0	-1
679	0	-1
680	0	-1
681	0	-1
682	0	-1
683	0	-1
684	0	-1
685	0	-1
686	0	-1
687	0	-1
688	0	-1
689	0	-1
690	0	-1
691	0	-1
692	0	-1
693	0	-1
694	0	-1
695	0	-1
696	0	-1
697	0	-1
698	0	-1
699	0	-1
700	0	-1
701	0	-1
702	0	-1
703	0	-1
704	0	-1
705	0	-1
706	0	-1
707	0	-1
708	0	-1
709	0	-1
710	0	-1
711	0	-1
712	0	-1
713	0	-1
714	0	-1
715	0	-1
716	0	-1
717	0	-1
718	0	-1
719	0	-1
720	0	-1
721	0	-1
722	0	-1
723	0	-1
724	0	-1
725	0	-1
726	0	-1
727	0	-1
728	0	-1
729	0	-1
730	0	-1
731	0	-1
732	0	-1
733	0	-1
734	0	-1
735	0	-1
736	0	-1
737	0	-1
738	0	-1
739	0	-1
740	0	-1
741	0	-1
742	0	-1
743	0	-1
744	0	-1
745	0	-1
746	0	-1
747	0	-1
748	0	-1
749	0	-1
750	0	-1
751	0	-1
752	0	-1
753	0	-1
754	0	-1
755	0	-1
756	0	-1
757	0	-1
758	0	-1
759	0	-1
760	0	-1
761	0	-1
762	0	-1
763	0	-1
764	0	-1
765	0	-1
766	0	-1
767	0	-1
768	0	-1
769	0	-1
770	0	-1
771	0	-1
772	0	-1
773	0	-1
774	0	-1
775	0	-1
776	0	-1
777	0	-1
778	0	-1
779	0	-1
780	0	-1
781	0	-1
782	0	-1
783	0	-1
784	0	-1
785	0	-1
786	0	-1
787	0	-1
788	0	-1
789	0	-1
790	0	-1
791	0	-1
792	0	-1
793	0	-1
794	0	-1
795	0	-1
796	0	-1
797	0	-1
798	0	-1
799	0	-1
800	0	-1
801	0	-1
802	0	-1
803	0	-1
804	0	-1
805	0	-1
806	0	-1
807	0	-1
808	0	-1
809	0	-1
810	0	-1
811	0	-1
812	0	-1
813	0	-1
814	0	-1
815	0	-1
816	0	-1
817	0	-1
818	0	-1
819	0	-1
820	0	-1
821	0	-1
822	0	-1
823	0	-1
824	0	-1
825	0	-1
826	0	-1
827	0	-1
828	0	-1
829	0	-1
830	0	-1
831	0	-1
832	0	-1
833	0	-1
834	0	-1
835	0	-1
836	0	-1
837	0	-1
838	0	-1
839	0	-1
840	0	-1
841	0	-1
842	0	-1
843	0	-1
844	0	-1
845	0	-1
846	0	-1
847	0	-1
848	0	-1
849	0	-1
850	0	-1
851	0	-1
852	0	-1
853	0	-1
854	0	-1
855	0	-1
856	0	-1
857	0	-1
858	0	-1
859	0	-1
860	0	-1
861	0	-1
862	0	-1
863	0	-1
864	0	-1
865	0	-1
866	0	-1
867	0	-1
868	0	-1
869	0	-1
870	0	-1
871	0	-1
872	0	-1
873	0	-1
874	0	-1
875	0	-1
876	0	-1
877	0	-1
878	0	-1
879	0	-1
880	0	-1
881	0	-1
882	0	-1
883	0	-1
884	0	-1
885	0	-1
886	0	-1
887	0	-1
888	0	-1
889	0	-1
890	0	-1
891	0	-1
892	0	-1
893	0	-1
894	0	-1
895	0	-1
896	0	-1
897	0	-1
898	0	-1
899	0	-1
900	0	-1
901	0	-1
902	0	-1
903	0	-1
904	0	-1
905	0	-1
906	0	-1
907	0	-1
908	0	-1
909	0	-1
910	0	-1
911	0	-1
912	0	-1
913	0	-1
914	0	-1
915	0	-1
916	0	-1
917	0	-1
918	0	-1
919	0	-1
920	0	-1
921	0	-1
922	0	-1
923	0	-1
924	0	-1
925	0	-1
926	0	-1
927	0	-1
928	0	-1
929	0	-1
930	0	-1
931	0	-1
932	0	-1
933	0	-1
934	0	-1
935	0	-1
936	0	-1
937	0	-1
938	0	-1
939	0	-1
940	0	-1
941	0	-1
942	0	-1
943	0	-1
944	0	-1
945	0	-1
946	0	-1
947	0	-1
948	0	-1
949	0	-1
950	0	-1
951	0	-1
952	0	-1
953	0	-1
954	0	-1
955	0	-1
956	0	-1
957	0	-1
958	0	-1
959	0	-1
960	0	-1
961	0	-1
962	0	-1
963	0	-1
964	0	-1
965	0	-1
966	0	-1
967	0	-1
968	0	-1
969	0	-1
970	0	-1
971	0	-1
972	0	-1
973	0	-1
974	0	-1
975	0	-1
976	0	-1
977	0	-1
978	0	-1
979	0	-1
980	0	-1
981	0	-1
982	0	-1
983	0	-1
984	0	-1
985	0	-1
986	0	-1
987	0	-1
988	0	-1
989	0	-1
990	0	-1
991	0	-1
992	0	-1
993	0	-1
994	0	-1
995	0	-1
996	0	-1
997	0	-1
998	0	-1
999	0	-1
1000	0	-1
1001	0	-1
1002	0	-1
1003	0	-1
1004	0	-1
1005	0	-1
1006	0	-1
1007	0	-1
1008	0	-1
1009	0	-1
1010	0	-1
1011	0	-1
1012	0	-1
1013	0	-1
1014	0	-1
1015	0	-1
1016	0	-1
1017	0	-1
1018	0	-1
1019	0	-1
1020	0	-1
1021	0	-1
1022	0	-1
1023	0	-1
1024	0	-1
1025	0	-1
1026	0	-1
1027	0	-1
1028	0	-1
1029	0	-1
1030	0	-1
1031	0	-1
1032	0	-1
1033	0	-1
1034	0	-1
1035	0	-1
1036	0	-1
1037	0	-1
1038	0	-1
1039	0	-1
1040	0	-1
1041	0	-1
1042	0	-1
1043	0	-1
1044	0	-1
1045	0	-1
1046	0	-1
1047	0	-1
1048	0	-1
1049	0	-1
1050	0	-1
1051	0	-1
1052	0	-1
1053	0	-1
1054	0	-1
1055	0	-1
1056	0	-1
1057	0	-1
1058	0	-1
1059	0	-1
1060	0	-1
1061	0	-1
1062	0	-1
1063	0	-1
1064	0	-1
1065	0	-1
1066	0	-1
1067	0	-1
1068	0	-1
1069	0	-1
1070	0	-1
1071	0	-1
1072	0	-1
1073	0	-1
1074	0	-1
1075	0	-1
1076	0	-1
1077	0	-1
1078	0	-1
1079	0	-1
1080	0	-1
1081	0	-1
1082	0	-1
1083	0	-1
1084	0	-1
1085	0	-1
1086	0	-1
1087	0	-1
1088	0	-1
1089	0	-1
1090	0	-1
1091	0	-1
1092	0	-1
1093	0	-1
1094	0	-1
1095	0	-1
1096	0	-1
1097	0	-1
1098	0	-1
1099	0	-1
1100	0	-1
1101	0	-1
1102	0	-1
1103	0	-1
1104	0	-1
1105	0	-1
1106	0	-1
1107	0	-1
1108	0	-1
1109	0	-1
1110	0	-1
1111	0	-1
1112	0	-1
1113	0	-1
1114	0	-1
1115	0	-1
1116	0	-1
1117	0	-1
1118	0	-1
1119	0	-1
1120	0	-1
1121	0	-1
1122	0	-1
1123	0	-1
1124	0	-1
1125	0	-1
1126	0	-1
1127	0	-1
1128	0	-1
1129	0	-1
1130	0	-1
1131	0	-1
1132	0	-1
1133	0	-1
1134	0	-1
1135	0	-1
1136	0	-1
1137	0	-1
1138	0	-1
1139	0	-1
1140	0	-1
1141	0	-1
1142	0	-1
1143	0	-1
1144	0	-1
1145	0	-1
1146	0	-1
1147	0	-1
1148	0	-1
1149	0	-1
1150	0	-1
1151	0	-1
1152	0	-1
1153	0	-1
1154	0	-1
1155	0	-1
1156	0	-1
1157	0	-1
1158	0	-1
1159	0	-1
1160	0	-1
1161	0	-1
1162	0	-1
1163	0	-1
1164	0	-1
1165	0	-1
1166	0	-1
1167	0	-1
1168	0	-1
1169	0	-1
1170	0	-1
1171	0	-1
1172	0	-1
1173	0	-1
1174	0	-1
1175	0	-1
1176	0	-1
1177	0	-1
1178	0	-1
1179	0	-1
1180	0	-1
1181	0	-1
1182	0	-1
1183	0	-1
1184	0	-1
1185	0	-1
1186	0	-1
1187	0	-1
1188	0	-1
1189	0	-1
1190	0	-1
1191	0	-1
1192	0	-1
1193	0	-1
1194	0	-1
1195	0	-1
1196	0	-1
1197	0	-1
1198	0	-1
1199	0	-1
1200	0	-1
1201	0	-1
1202	0	-1
1203	0	-1
1204	0	-1
1205	0	-1
1206	0	-1
1207	0	-1
1208	0	-1
1209	0	-1
1210	0	-1
1211	0	-1
1212	0	-1
1213	0	-1
1214	0	-1
1215	0	-1
1216	0	-1
1217	0	-1
1218	0	-1
1219	0	-1
1220	0	-1
1221	0	-0.666666666666667
1222	0	-0.333333333333333
1223	0	-0.666666666666667
1224	0	-0.666666666666667
1225	0	-0.333333333333333
1226	0	0
1227	0.333333333333333	0
1228	0.333333333333333	0
1229	0.333333333333333	0
1230	0	0
1231	0	-0.333333333333333
1232	0	-0.666666666666667
1233	0	-0.666666666666667
1234	0	-0.666666666666667
1235	0	-1
1236	0	-1
1237	0	-1
1238	0	-1
1239	0	-0.666666666666667
1240	0	-1
1241	0	-1
1242	0	-1
1243	0	-1
1244	0	-1
1245	0	-1
1246	0	-1
1247	0	-1
1248	0	-1
1249	0	-1
1250	0	-1
1251	0	-1
1252	0	-1
1253	0	-1
1254	0	-1
1255	0	-1
1256	0	-1
1257	0	-1
1258	0	-1
1259	0	-1
1260	0	-1
1261	0	-1
1262	0	-1
1263	0	-1
1264	0	-1
1265	0	-1
1266	0	-1
1267	0	-1
1268	0	-1
1269	0	-1
1270	0	-1
1271	0	-1
1272	0	-1
1273	0	-1
1274	0	-1
1275	0	-1
1276	0	-1
1277	0	-1
1278	0	-1
1279	0	-1
1280	0	-0.666666666666667
1281	0	-0.666666666666667
1282	0	-0.666666666666667
1283	0	-0.666666666666667
1284	0	-0.333333333333333
1285	0	-0.333333333333333
1286	0	0
1287	0	-0.333333333333333
1288	0	-0.333333333333333
1289	0	-0.333333333333333
1290	0	-0.666666666666667
1291	0	-1
1292	0	-1
1293	0	-1
1294	0	-1
1295	0	-1
1296	0	-1
1297	0	-1
1298	0	-1
1299	0	-1
1300	0	-1
1301	0	-1
1302	0	-1
1303	0	-1
1304	0	-1
1305	0	-1
1306	0	-1
1307	0	-1
1308	0	-1
1309	0	-1
1310	0	-1
1311	0	-0.666666666666667
1312	0	-0.333333333333333
1313	0	0
1314	0.333333333333333	0
1315	0.666666666666667	0
1316	1	0
1317	1	0
1318	1	0
1319	1	0
1320	1	0
1321	1	0
1322	1	0
1323	0.666666666666667	0
1324	0.333333333333333	0
1325	0	0
1326	0	0
1327	0	-0.333333333333333
1328	0	-0.666666666666667
1329	0	-0.666666666666667
1330	0	-0.666666666666667
1331	0	-0.666666666666667
1332	0	-1
1333	0	-1
1334	0	-1
1335	0	-1
1336	0	-1
1337	0	-1
1338	0	-1
1339	0	-1
1340	0	-1
1341	0	-1
1342	0	-1
1343	0	-1
1344	0	-1
1345	0	-1
1346	0	-1
1347	0	-1
1348	0	-1
1349	0	-1
1350	0	-1
1351	0	-1
1352	0	-1
1353	0	-1
1354	0	-1
1355	0	-1
1356	0	-1
1357	0	-1
1358	0	-1
1359	0	-1
1360	0	-1
1361	0	-1
1362	0	-0.666666666666667
1363	0	-0.333333333333333
1364	0	-0.333333333333333
1365	0	0
1366	0.333333333333333	0
1367	0.666666666666667	0
1368	1	0
1369	0.666666666666667	0
1370	0.333333333333333	0
1371	0	0
1372	0	-0.333333333333333
1373	0	-0.666666666666667
1374	0	-1
1375	0	-1
1376	0	-1
1377	0	-1
1378	0	-1
1379	0	-1
1380	0	-1
1381	0	-1
1382	0	-1
1383	0	-1
1384	0	-1
1385	0	-1
1386	0	-1
1387	0	-1
1388	0	-1
1389	0	-1
1390	0	-1
1391	0	-1
1392	0	-1
1393	0	-1
1394	0	-1
1395	0	-1
1396	0	-1
1397	0	-1
1398	0	-1
1399	0	-1
1400	0	-1
1401	0	-1
1402	0	-1
1403	0	-1
1404	0	-1
1405	0	-0.666666666666667
1406	0	-0.333333333333333
1407	0	0
1408	0.333333333333333	0
1409	0.333333333333333	0
1410	0	0
1411	0	-0.333333333333333
1412	0	-0.666666666666667
1413	0	-1
1414	0	-0.666666666666667
1415	0	-0.666666666666667
1416	0	-1
1417	0	-0.666666666666667
1418	0	-0.333333333333333
1419	0	0
1420	0	0
1421	0	0
1422	0.333333333333333	0
1423	0	0
1424	0	-0.333333333333333
1425	0	-0.333333333333333
1426	0	-0.666666666666667
1427	0	-0.666666666666667
1428	0	-1
1429	0	-1
1430	0	-1
1431	0	-0.666666666666667
1432	0	-0.666666666666667
1433	0	-0.333333333333333
1434	0	0
1435	0	0
1436	0.333333333333333	0
1437	0.333333333333333	0
1438	0.666666666666667	0
1439	1	0
1440	1	0
1441	1	0
1442	0.666666666666667	0
1443	0.333333333333333	0
1444	0	0
1445	0	-0.333333333333333
1446	0	-0.666666666666667
1447	0	-1
1448	0	-1
1449	0	-1
1450	0	-1
1451	0	-1
1452	0	-1
1453	0	-1
1454	0	-1
1455	0	-0.666666666666667
1456	0	-0.333333333333333
1457	0	0
1458	0.333333333333333	0
1459	0.666666666666667	0
1460	0.666666666666667	0
1461	0.666666666666667	0
1462	0.666666666666667	0
1463	0.333333333333333	0
1464	0	0
1465	0	-0.333333333333333
1466	0	-0.666666666666667
1467	0	-1
1468	0	-1
1469	0	-1
1470	0	-1
1471	0	-0.666666666666667
1472	0	-0.666666666666667
1473	0	-0.333333333333333
1474	0	0
1475	0.333333333333333	0
1476	0.666666666666667	0
1477	1	0
1478	1	0
1479	0.666666666666667	0
1480	0.333333333333333	0
1481	0	0
1482	0	-0.333333333333333
1483	0	-0.333333333333333
1484	0	-0.666666666666667
1485	0	-0.666666666666667
1486	0	-0.666666666666667
1487	0	-0.333333333333333
1488	0	-0.333333333333333
1489	0	0
1490	0	0
1491	0.333333333333333	0
1492	0.666666666666667	0
1493	0.333333333333333	0
1494	0	0
1495	0	0
1496	0	-0.333333333333333
1497	0	-0.666666666666667
1498	0	-1
1499	0	-1
1500	0	-1
1501	0	-1
1502	0	-1
1503	0	-0.666666666666667
1504	0	-0.333333333333333
1505	0	-0.666666666666667
1506	0	-0.333333333333333
1507	0	-0.333333333333333
1508	0	-0.333333333333333
1509	0	-0.666666666666667
1510	0	-0.666666666666667
1511	0	-0.333333333333333
1512	0	-0.333333333333333
1513	0	-0.333333333333333
1514	0	-0.333333333333333
1515	0	-0.333333333333333
1516	0	-0.333333333333333
1517	0	-0.333333333333333
1518	0	-0.333333333333333
1519	0	-0.666666666666667
1520	0	-1
1521	0	-1
1522	0	-1
1523	0	-1
1524	0	-1
1525	0	-1
1526	0	-1
1527	0	-1
1528	0	-0.666666666666667
1529	0	-0.333333333333333
1530	0	-0.333333333333333
1531	0	0
1532	0.333333333333333	0
1533	0.666666666666667	0
1534	1	0
1535	1	0
1536	1	0
1537	0.666666666666667	0
1538	0.333333333333333	0
1539	0	0
1540	0	-0.333333333333333
1541	0	-0.666666666666667
1542	0	-1
1543	0	-1
1544	0	-1
1545	0	-0.666666666666667
1546	0	-0.333333333333333
1547	0	0
1548	0.333333333333333	0
1549	0.666666666666667	0
1550	1	0
1551	1	0
1552	1	0
1553	1	0
1554	1	0
1555	0.666666666666667	0
1556	0.333333333333333	0
1557	0	0
1558	0	0
1559	0	-0.333333333333333
1560	0	-0.666666666666667
1561	0	-1
1562	0	-1
1563	0	-1
1564	0	-1
1565	0	-0.666666666666667
1566	0	-0.666666666666667
1567	0	-0.666666666666667
1568	0	-0.666666666666667
1569	0	-0.333333333333333
1570	0	0
1571	0.333333333333333	0
1572	0.666666666666667	0
1573	1	0
1574	1	0
1575	1	0
1576	1	0
1577	1	0
1578	0.666666666666667	0
1579	0.333333333333333	0
1580	0.333333333333333	0
1581	0	0
1582	0	-0.333333333333333
1583	0	-0.666666666666667
1584	0	-1
1585	0	-1
1586	0	-1
1587	0	-1
1588	0	-1
1589	0	-1
1590	0	-1
1591	0	-1
1592	0	-1
1593	0	-1
1594	0	-1
1595	0	-1
1596	0	-1
1597	0	-1
1598	0	-1
1599	0	-1
1600	0	-1
1601	0	-1
1602	0	-1
1603	0	-1
1604	0	-1
1605	0	-1
1606	0	-1
1607	0	-1
1608	0	-1
1609	0	-1
1610	0	-1
1611	0	-1
1612	0	-1
1613	0	-1
1614	0	-1
1615	0	-1
1616	0	-1
1617	0	-1
1618	0	-1
1619	0	-1
1620	0	-1
1621	0	-1
1622	0	-1
1623	0	-1
1624	0	-1
1625	0	-1
1626	0	-1
1627	0	-1
1628	0	-1
1629	0	-1
1630	0	-1
1631	0	-1
1632	0	-0.666666666666667
1633	0	-0.333333333333333
1634	0	-0.333333333333333
1635	0	0
1636	0.333333333333333	0
1637	0.333333333333333	0
1638	0.333333333333333	0
1639	0.333333333333333	0
1640	0.333333333333333	0
1641	0.333333333333333	0
1642	0.333333333333333	0
1643	0.333333333333333	0
1644	0.333333333333333	0
1645	0.666666666666667	0
1646	0.333333333333333	0
1647	0	0
1648	0	-0.333333333333333
1649	0	-0.333333333333333
1650	0	-0.666666666666667
1651	0	-1
1652	0	-1
1653	0	-1
1654	0	-1
1655	0	-1
1656	0	-1
1657	0	-1
1658	0	-1
1659	0	-1
1660	0	-1
1661	0	-1
1662	0	-1
1663	0	-0.666666666666667
1664	0	-0.333333333333333
1665	0	-0.333333333333333
1666	0	0
1667	0.333333333333333	0
1668	0.333333333333333	0
1669	0.666666666666667	0
1670	0.333333333333333	0
1671	0.333333333333333	0
1672	0	0
1673	0.333333333333333	0
1674	0.333333333333333	0
1675	0.333333333333333	0
1676	0.666666666666667	0
1677	0.666666666666667	0
1678	0.666666666666667	0
1679	1	0
1680	1	0
1681	0.666666666666667	0
1682	0.333333333333333	0
1683	0	0
1684	0	0
1685	0	-0.333333333333333
1686	0	-0.666666666666667
1687	0	-1
1688	0	-0.666666666666667
1689	0	-0.666666666666667
1690	0	-0.666666666666667
1691	0	-0.666666666666667
1692	0	-0.666666666666667
1693	0	-1
1694	0	-1
1695	0	-1
1696	0	-0.666666666666667
1697	0	-0.333333333333333
1698	0	0
1699	0.333333333333333	0
1700	0.666666666666667	0
1701	1	0
1702	1	0
1703	1	0
1704	1	0
1705	1	0
1706	1	0
1707	0.666666666666667	0
1708	0.333333333333333	0
1709	0	0
1710	0	-0.333333333333333
1711	0	-0.666666666666667
1712	0	-1
1713	0	-1
1714	0	-1
1715	0	-1
1716	0	-1
1717	0	-1
1718	0	-1
1719	0	-1
1720	0	-1
1721	0	-1
1722	0	-1
1723	0	-1
1724	0	-1
1725	0	-1
1726	0	-1
1727	0	-1
1728	0	-1
1729	0	-1
1730	0	-1
1731	0	-1
1732	0	-1
1733	0	-1
1734	0	-1
1735	0	-1
1736	0	-1
1737	0	-0.666666666666667
1738	0	-0.333333333333333
1739	0	0
1740	0.333333333333333	0
1741	0.333333333333333	0
1742	0.333333333333333	0
1743	0.666666666666667	0
1744	0.666666666666667	0
1745	0.333333333333333	0
1746	0.333333333333333	0
1747	0	0
1748	0	-0.333333333333333
1749	0	-0.333333333333333
1750	0	-0.666666666666667
1751	0	-1
1752	0	-1
1753	0	-1
1754	0	-1
1755	0	-1
1756	0	-1
1757	0	-1
1758	0	-0.666666666666667
1759	0	-0.666666666666667
1760	0	-0.333333333333333
1761	0	-0.333333333333333
1762	0	0
1763	0.333333333333333	0
1764	0.333333333333333	0
1765	0.666666666666667	0
1766	1	0
1767	1	0
1768	1	0
1769	1	0
1770	1	0
1771	0.666666666666667	0
1772	0.333333333333333	0
1773	0	0
1774	0	0
1775	0	0
1776	0	0
1777	0	-0.333333333333333
1778	0	-0.333333333333333
1779	0	0
1780	0	0
1781	0	-0.333333333333333
1782	0	-0.666666666666667
1783	0	-1
1784	0	-1
1785	0	-1
1786	0	-1
1787	0	-1
1788	0	-1
1789	0	-1
1790	0	-0.666666666666667
1791	0	-0.666666666666667
1792	0	-0.666666666666667
1793	0	-0.333333333333333
1794	0	0
1795	0	-0.333333333333333
1796	0	0
1797	0.333333333333333	0
1798	0.666666666666667	0
1799	1	0
1800	1	0
1801	1	0
1802	1	0
1803	1	0
1804	0.666666666666667	0
1805	0.666666666666667	0
1806	0.333333333333333	0
1807	0	0
1808	0	-0.333333333333333
1809	0	-0.666666666666667
1810	0	-0.333333333333333
1811	0	-0.666666666666667
1812	0	-0.666666666666667
1813	0	-1
1814	0	-1
1815	0	-1
1816	0	-1
1817	0	-1
1818	0	-1
1819	0	-1
1820	0	-1
1821	0	-1
1822	0	-1
1823	0	-1
1824	0	-1
1825	0	-1
1826	0	-1
1827	0	-1
1828	0	-1
1829	0	-1
1830	0	-1
1831	0	-1
1832	0	-1
1833	0	-1
1834	0	-1
1835	0	-1
1836	0	-1
1837	0	-1
1838	0	-1
1839	0	-1
1840	0	-1
1841	0	-1
1842	0	-1
1843	0	-1
1844	0	-1
1845	0	-1
1846	0	-1
1847	0	-1
1848	0	-1
1849	0	-1
1850	0	-1
1851	0	-1
1852	0	-1
1853	0	-1
1854	0	-1
1855	0	-1
1856	0	-1
1857	0	-1
1858	0	-1
1859	0	-1
1860	0	-1
1861	0	-1
1862	0	-1
1863	0	-1
1864	0	-1
1865	0	-1
1866	0	-1
1867	0	-1
1868	0	-1
1869	0	-1
1870	0	-1
1871	0	-1
1872	0	-1
1873	0	-0.666666666666667
1874	0	-0.333333333333333
1875	0	0
1876	0.333333333333333	0
1877	0.666666666666667	0
1878	1	0
1879	0.666666666666667	0
1880	0.333333333333333	0
1881	0	0
1882	0	-0.333333333333333
1883	0	-0.666666666666667
1884	0	-1
1885	0	-1
1886	0	-1
1887	0	-1
1888	0	-1
1889	0	-1
1890	0	-1
1891	0	-1
1892	0	-1
1893	0	-1
1894	0	-1
1895	0	-0.666666666666667
1896	0	-1
1897	0	-1
1898	0	-1
1899	0	-1
1900	0	-1
1901	0	-1
1902	0	-1
1903	0	-1
1904	0	-1
1905	0	-1
1906	0	-1
1907	0	-1
1908	0	-1
1909	0	-1
1910	0	-1
1911	0	-1
1912	0	-1
1913	0	-1
1914	0	-1
1915	0	-1
1916	0	-1
1917	0	-1
1918	0	-1
1919	0	-1
1920	0	-1
1921	0	-1
1922	0	-1
1923	0	-1
1924	0	-1
1925	0	-1
1926	0	-1
1927	0	-1
1928	0	-1
1929	0	-1
1930	0	-1
1931	0	-1
1932	0	-1
1933	0	-1
1934	0	-1
1935	0	-1
1936	0	-1
1937	0	-1
1938	0	-1
1939	0	-1
1940	0	-1
1941	0	-1
1942	0	-1
1943	0	-1
1944	0	-1
1945	0	-1
1946	0	-1
1947	0	-1
1948	0	-1
1949	0	-1
1950	0	-1
1951	0	-1
1952	0	-1
1953	0	-1
1954	0	-1
1955	0	-1
1956	0	-1
1957	0	-1
1958	0	-1
1959	0	-1
1960	0	-1
1961	0	-1
1962	0	-1
1963	0	-1
1964	0	-1
1965	0	-1
1966	0	-1
1967	0	-1
1968	0	-1
1969	0	-1
1970	0	-1
1971	0	-1
1972	0	-1
1973	0	-1
1974	0	-1
1975	0	-1
1976	0	-1
1977	0	-1
1978	0	-1
1979	0	-1
1980	0	-1
1981	0	-0.666666666666667
1982	0	-0.666666666666667
1983	0	-0.333333333333333
1984	0	-0.333333333333333
1985	0	0
1986	0.333333333333333	0
1987	0.333333333333333	0
1988	0	0
1989	0	-0.333333333333333
1990	0	-0.666666666666667
1991	0	-0.333333333333333
1992	0	0
1993	0.333333333333333	0
1994	0	0
1995	0	-0.333333333333333
1996	0	-0.666666666666667
1997	0	-1
1998	0	-1
1999	0	-1
2000	0	-1
2001	0	-1
2002	0	-1
2003	0	-1
2004	0	-1
2005	0	-1
2006	0	-1
2007	0	-1
2008	0	-1
2009	0	-1
2010	0	-1
2011	0	-1
2012	0	-1
2013	0	-1
2014	0	-1
2015	0	-1
2016	0	-1
2017	0	-1
2018	0	-1
2019	0	-1
2020	0	-1
2021	0	-1
2022	0	-1
2023	0	-1
2024	0	-1
2025	0	-1
2026	0	-1
2027	0	-1
2028	0	-1
2029	0	-1
2030	0	-1
2031	0	-1
2032	0	-1
2033	0	-1
2034	0	-1
2035	0	-1
2036	0	-1
2037	0	-1
2038	0	-1
2039	0	-1
2040	0	-1
2041	0	-1
2042	0	-1
2043	0	-1
2044	0	-1
2045	0	-1
2046	0	-1
2047	0	-1
2048	0	-1
2049	0	-1
2050	0	-1
2051	0	-1
2052	0	-1
2053	0	-1
2054	0	-1
2055	0	-1
2056	0	-1
2057	0	-1
2058	0	-1
2059	0	-1
2060	0	-1
2061	0	-1
2062	0	-1
2063	0	-1
2064	0	-1
2065	0	-1
2066	0	-1
2067	0	-1
2068	0	-1
2069	0	-1
2070	0	-1
2071	0	-1
2072	0	-1
2073	0	-1
2074	0	-0.666666666666667
2075	0	-0.333333333333333
2076	0	0
2077	0.333333333333333	0
2078	0.666666666666667	0
2079	1	0
2080	1	0
2081	0.666666666666667	0
2082	0.666666666666667	0
2083	0.666666666666667	0
2084	0.666666666666667	0
2085	0.666666666666667	0
2086	0.666666666666667	0
2087	1	0
2088	1	0
2089	1	0
2090	1	0
2091	1	0
2092	1	0
2093	1	0
2094	1	0
2095	1	0
2096	1	0
2097	1	0
2098	1	0
2099	1	0
2100	0.666666666666667	0
2101	0.666666666666667	0
2102	0.666666666666667	0
2103	0.666666666666667	0
2104	0.666666666666667	0
2105	0.666666666666667	0
2106	0.666666666666667	0
2107	0.666666666666667	0
2108	0.666666666666667	0
2109	1	0
2110	1	0
2111	1	0
2112	1	0
2113	1	0
2114	1	0
2115	1	0
2116	1	0
2117	1	0
2118	1	0
2119	1	0
2120	1	0
2121	1	0
2122	0.666666666666667	0
2123	0.333333333333333	0
2124	0	0
2125	0	-0.333333333333333
2126	0	-0.333333333333333
2127	0	-0.666666666666667
2128	0	-1
2129	0	-1
2130	0	-1
2131	0	-1
2132	0	-1
2133	0	-1
2134	0	-1
2135	0	-1
2136	0	-1
2137	0	-1
2138	0	-1
2139	0	-1
2140	0	-1
2141	0	-1
2142	0	-1
2143	0	-1
2144	0	-1
2145	0	-1
2146	0	-1
2147	0	-1
2148	0	-1
2149	0	-1
2150	0	-1
2151	0	-1
2152	0	-1
2153	0	-1
2154	0	-1
2155	0	-1
2156	0	-1
2157	0	-1
2158	0	-1
2159	0	-1
2160	0	-1
2161	0	-1
2162	0	-1
2163	0	-1
2164	0	-1
2165	0	-1
2166	0	-1
2167	0	-1
2168	0	-1
2169	0	-1
2170	0	-1
2171	0	-1
2172	0	-1
2173	0	-1
2174	0	-1
2175	0	-1
2176	0	-1
2177	0	-1
2178	0	-1
2179	0	-1
2180	0	-1
2181	0	-1
2182	0	-1
2183	0	-1
2184	0	-1
2185	0	-1
2186	0	-1
2187	0	-1
2188	0	-1
2189	0	-1
2190	0	-1
2191	0	-1
2192	0	-1
2193	0	-1
2194	0	-1
2195	0	-1
2196	0	-1
2197	0	-1
2198	0	-1
2199	0	-1
2200	0	-1
2201	0	-1
2202	0	-1
2203	0	-1
2204	0	-1
2205	0	-1
2206	0	-1
2207	0	-1
2208	0	-1
2209	0	-1
2210	0	-1
2211	0	-1
2212	0	-1
2213	0	-1
2214	0	-1
2215	0	-1
2216	0	-1
2217	0	-1
2218	0	-1
2219	0	-1
2220	0	-1
2221	0	-1
2222	0	-1
2223	0	-1
2224	0	-1
2225	0	-1
2226	0	-1
2227	0	-1
2228	0	-1
2229	0	-1
2230	0	-1
2231	0	-1
2232	0	-1
2233	0	-1
2234	0	-1
2235	0	-1
2236	0	-1
2237	0	-1
2238	0	-1
2239	0	-1
2240	0	-1
2241	0	-1
2242	0	-1
2243	0	-1
2244	0	-1
2245	0	-1
2246	0	-1
2247	0	-1
2248	0	-1
2249	0	-1
2250	0	-1
2251	0	-1
2252	0	-1
2253	0	-1
2254	0	-1
2255	0	-1
2256	0	-0.666666666666667
2257	0	-0.333333333333333
2258	0	0
2259	0.333333333333333	0
2260	0.666666666666667	0
2261	1	0
2262	1	0
2263	1	0
2264	1	0
2265	1	0
2266	0.666666666666667	0
2267	0.666666666666667	0
2268	0.666666666666667	0
2269	0.666666666666667	0
2270	0.333333333333333	0
2271	0.333333333333333	0
2272	0.666666666666667	0
2273	0.666666666666667	0
2274	0.666666666666667	0
2275	0.666666666666667	0
2276	1	0
2277	1	0
2278	0.666666666666667	0
2279	0.333333333333333	0
2280	0	0
2281	0	-0.333333333333333
2282	0	-0.666666666666667
2283	0	-1
2284	0	-1
2285	0	-1
2286	0	-1
2287	0	-1
2288	0	-1
2289	0	-1
2290	0	-1
2291	0	-0.666666666666667
2292	0	-0.333333333333333
2293	0	0
2294	0	0
2295	0	-0.333333333333333
2296	0	-0.333333333333333
2297	0	0
2298	0	0
2299	0	-0.333333333333333
2300	0	-0.333333333333333
2301	0	0
2302	0	0
2303	0	0
2304	0.333333333333333	0
2305	0.666666666666667	0
2306	0.666666666666667	0
2307	0.666666666666667	0
2308	1	0
2309	1	0
2310	1	0
2311	1	0
2312	1	0
2313	1	0
2314	1	0
2315	1	0
2316	0.666666666666667	0
2317	0.666666666666667	0
2318	0.666666666666667	0
2319	0.333333333333333	0
2320	0	0
2321	0	0
2322	0	0
2323	0	0
2324	0.333333333333333	0
2325	0.666666666666667	0
2326	1	0
2327	1	0
2328	1	0
2329	1	0
2330	1	0
2331	1	0
2332	1	0
2333	1	0
2334	0.666666666666667	0
2335	0.333333333333333	0
2336	0.333333333333333	0
2337	0	0
2338	0	0
2339	0	0
2340	0	0
2341	0.333333333333333	0
2342	0.666666666666667	0
2343	0.666666666666667	0
2344	1	0
2345	1	0
2346	1	0
2347	1	0
2348	1	0
2349	1	0
2350	1	0
2351	1	0
2352	1	0
2353	1	0
2354	1	0
2355	1	0
2356	0.666666666666667	0
2357	0.666666666666667	0
2358	0.333333333333333	0
2359	0.333333333333333	0
2360	0.666666666666667	0
2361	1	0
2362	1	0
2363	1	0
2364	1	0
2365	1	0
2366	1	0
2367	1	0
2368	0.666666666666667	0
2369	0.333333333333333	0
2370	0	0
2371	0	-0.333333333333333
2372	0	-0.666666666666667
2373	0	-1
2374	0	-1
2375	0	-1
2376	0	-1
2377	0	-1
2378	0	-1
2379	0	-1
2380	0	-1
2381	0	-1
2382	0	-1
2383	0	-1
2384	0	-0.666666666666667
2385	0	-0.333333333333333
2386	0	0
2387	0.333333333333333	0
2388	0.666666666666667	0
2389	1	0
2390	1	0
2391	1	0
2392	0.666666666666667	0
2393	0.666666666666667	0
2394	0.333333333333333	0
2395	0	0
2396	0	-0.333333333333333
2397	0	-0.666666666666667
2398	0	-1
2399	0	-1
2400	0	-1
2401	0	-1
2402	0	-1
2403	0	-1
2404	0	-1
2405	0	-1
2406	0	-1
2407	0	-1
2408	0	-1
2409	0	-1
2410	0	-1
2411	0	-1
2412	0	-1
2413	0	-0.666666666666667
2414	0	-0.333333333333333
2415	0	0
2416	0.333333333333333	0
2417	0.666666666666667	0
2418	1	0
2419	1	0
2420	1	0
2421	1	0
2422	1	0
2423	1	0
2424	1	0
2425	1	0
2426	0.666666666666667	0
2427	0.333333333333333	0
2428	0	0
2429	0	-0.333333333333333
2430	0	-0.666666666666667
2431	0	-1
2432	0	-1
2433	0	-1
2434	0	-1
2435	0	-1
2436	0	-1
2437	0	-1
2438	0	-1
2439	0	-1
2440	0	-1
2441	0	-1
2442	0	-1
2443	0	-1
2444	0	-1
2445	0	-1
2446	0	-1
2447	0	-1
2448	0	-1
2449	0	-1
2450	0	-1
2451	0	-1
2452	0	-1
2453	0	-1
2454	0	-1
2455	0	-1
2456	0	-0.666666666666667
2457	0	-0.333333333333333
2458	0	0
2459	0.333333333333333	0
2460	0.666666666666667	0
2461	1	0
2462	1	0
2463	1	0
2464	1	0
2465	1	0
2466	1	0
2467	1	0
2468	1	0
2469	1	0
2470	1	0
2471	1	0
2472	1	0
2473	1	0
2474	1	0
2475	0.666666666666667	0
2476	0.333333333333333	0
2477	0	0
2478	0	-0.333333333333333
2479	0	-0.666666666666667
2480	0	-0.666666666666667
2481	0	-0.333333333333333
2482	0	-0.666666666666667
2483	0	-0.666666666666667
2484	0	-0.666666666666667
2485	0	-0.666666666666667
2486	0	-0.666666666666667
2487	0	-1
2488	0	-1
2489	0	-1
2490	0	-1
2491	0	-1
2492	0	-0.666666666666667
2493	0	-0.333333333333333
2494	0	-0.333333333333333
2495	0	-0.333333333333333
2496	0	-0.333333333333333
2497	0	-0.666666666666667
2498	0	-1
2499	0	-1
2500	0	-0.666666666666667
2501	0	-1
2502	0	-1
2503	0	-1
2504	0	-1
2505	0	-1
2506	0	-1
2507	0	-1
2508	0	-1
2509	0	-1
2510	0	-1
2511	0	-1
2512	0	-1
2513	0	-1
2514	0	-1
2515	0	-1
2516	0	-0.666666666666667
2517	0	-0.333333333333333
2518	0	-0.333333333333333
2519	0	0
2520	0.333333333333333	0
2521	0.666666666666667	0
2522	1	0
2523	1	0
2524	1	0
2525	1	0
2526	1	0
2527	1	0
2528	0.666666666666667	0
2529	0.666666666666667	0
2530	0.666666666666667	0
2531	0.666666666666667	0
2532	0.666666666666667	0
2533	1	0
2534	1	0
2535	1	0
2536	1	0
2537	1	0
2538	1	0
2539	1	0
2540	1	0
2541	1	0
2542	1	0
2543	1	0
2544	1	0
2545	1	0
2546	1	0
2547	1	0
2548	1	0
2549	1	0
2550	1	0
2551	1	0
2552	1	0
2553	1	0
2554	1	0
2555	1	0
2556	0.666666666666667	0
2557	0.666666666666667	0
2558	0.333333333333333	0
2559	0	0
2560	0	-0.333333333333333
2561	0	-0.666666666666667
2562	0	-1
2563	0	-1
2564	0	-1
2565	0	-1
2566	0	-1
2567	0	-1
2568	0	-1
2569	0	-1
2570	0	-1
2571	0	-1
2572	0	-1
2573	0	-1
2574	0	-1
2575	0	-1
2576	0	-1
2577	0	-1
2578	0	-1
2579	0	-1
2580	0	-1
2581	0	-1
2582	0	-1
2583	0	-1
2584	0	-1
2585	0	-1
2586	0	-1
2587	0	-1
2588	0	-1
2589	0	-1
2590	0	-1
2591	0	-1
2592	0	-1
2593	0	-1
2594	0	-1
2595	0	-1
2596	0	-1
2597	0	-1
2598	0	-1
2599	0	-1
2600	0	-1
2601	0	-1
2602	0	-1
2603	0	-1
2604	0	-0.666666666666667
2605	0	-0.333333333333333
2606	0	-0.333333333333333
2607	0	-0.666666666666667
2608	0	-0.666666666666667
2609	0	-1
2610	0	-1
2611	0	-1
2612	0	-1
2613	0	-1
2614	0	-1
2615	0	-1
2616	0	-1
2617	0	-1
2618	0	-1
2619	0	-1
2620	0	-1
2621	0	-1
2622	0	-1
2623	0	-1
2624	0	-1
2625	0	-1
2626	0	-1
2627	0	-1
2628	0	-1
2629	0	-1
2630	0	-1
2631	0	-1
2632	0	-1
2633	0	-1
2634	0	-1
2635	0	-1
2636	0	-1
2637	0	-1
2638	0	-1
2639	0	-1
2640	0	-1
2641	0	-1
2642	0	-1
2643	0	-1
2644	0	-1
2645	0	-1
2646	0	-1
2647	0	-1
2648	0	-1
2649	0	-1
2650	0	-1
2651	0	-1
2652	0	-1
2653	0	-1
2654	0	-1
2655	0	-1
2656	0	-1
2657	0	-1
2658	0	-1
2659	0	-1
2660	0	-1
2661	0	-1
2662	0	-1
2663	0	-1
2664	0	-1
2665	0	-1
2666	0	-1
2667	0	-1
2668	0	-1
2669	0	-1
2670	0	-1
2671	0	-1
2672	0	-0.666666666666667
2673	0	-1
2674	0	-0.666666666666667
2675	0	-1
2676	0	-1
2677	0	-0.666666666666667
2678	0	-0.333333333333333
2679	0	-0.333333333333333
2680	0	-0.333333333333333
2681	0	-0.666666666666667
2682	0	-0.666666666666667
2683	0	-1
2684	0	-1
2685	0	-1
2686	0	-1
2687	0	-1
2688	0	-1
2689	0	-0.666666666666667
2690	0	-1
2691	0	-1
2692	0	-0.666666666666667
2693	0	-0.333333333333333
2694	0	-0.333333333333333
2695	0	-0.333333333333333
2696	0	0
2697	0.333333333333333	0
2698	0	0
2699	0	-0.333333333333333
2700	0	-0.333333333333333
2701	0	-0.666666666666667
2702	0	-0.666666666666667
2703	0	-1
2704	0	-1
2705	0	-1
2706	0	-1
2707	0	-1
2708	0	-1
2709	0	-1
2710	0	-1
2711	0	-1
2712	0	-1
2713	0	-1
2714	0	-1
2715	0	-1
2716	0	-1
2717	0	-1
2718	0	-1
2719	0	-1
2720	0	-1
2721	0	-1
2722	0	-1
2723	0	-1
2724	0	-1
2725	0	-1
2726	0	-1
2727	0	-1
2728	0	-1
2729	0	-1
2730	0	-1
2731	0	-1
2732	0	-1
2733	0	-1
2734	0	-1
2735	0	-1
2736	0	-1
2737	0	-1
2738	0	-1
2739	0	-1
2740	0	-1
2741	0	-1
2742	0	-1
2743	0	-1
2744	0	-1
2745	0	-1
2746	0	-1
2747	0	-1
2748	0	-1
2749	0	-1
2750	0	-1
2751	0	-1
2752	0	-1
2753	0	-1
2754	0	-1
2755	0	-1
2756	0	-1
2757	0	-1
2758	0	-1
2759	0	-1
2760	0	-1
2761	0	-1
2762	0	-1
2763	0	-1
2764	0	-1
2765	0	-1
2766	0	-1
2767	0	-1
2768	0	-1
2769	0	-1
2770	0	-1
2771	0	-1
2772	0	-1
2773	0	-1
2774	0	-1
2775	0	-1
2776	0	-1
2777	0	-1
2778	0	-1
2779	0	-1
2780	0	-1
2781	0	-1
2782	0	-1
2783	0	-1
2784	0	-1
2785	0	-1
2786	0	-1
2787	0	-1
2788	0	-1
2789	0	-1
2790	0	-1
2791	0	-1
2792	0	-1
2793	0	-1
2794	0	-1
2795	0	-1
2796	0	-1
2797	0	-1
2798	0	-1
2799	0	-1
2800	0	-0.666666666666667
2801	0	-0.333333333333333
2802	0	0
2803	0.333333333333333	0
2804	0.666666666666667	0
2805	1	0
2806	1	0
2807	1	0
2808	1	0
2809	1	0
2810	1	0
2811	1	0
2812	1	0
2813	1	0
2814	1	0
2815	1	0
2816	1	0
2817	1	0
2818	1	0
2819	1	0
2820	1	0
2821	1	0
2822	1	0
2823	1	0
2824	1	0
2825	1	0
2826	1	0
2827	1	0
2828	1	0
2829	1	0
2830	1	0
2831	1	0
2832	1	0
2833	1	0
2834	1	0
2835	1	0
2836	1	0
2837	1	0
2838	1	0
2839	1	0
2840	1	0
2841	1	0
2842	1	0
2843	1	0
2844	1	0
2845	1	0
2846	1	0
2847	1	0
2848	1	0
2849	1	0
2850	1	0
2851	1	0
2852	1	0
2853	1	0
2854	1	0
2855	1	0
2856	1	0
2857	1	0
2858	1	0
2859	1	0
2860	1	0
2861	1	0
2862	1	0
2863	1	0
2864	1	0
2865	1	0
2866	1	0
2867	1	0
2868	1	0
2869	1	0
2870	1	0
2871	1	0
2872	1	0
2873	0.666666666666667	0
2874	0.333333333333333	0
2875	0.333333333333333	0
2876	0	0
2877	0	-0.333333333333333
2878	0	-0.666666666666667
2879	0	-1
2880	0	-1
2881	0	-1
2882	0	-1
2883	0	-1
2884	0	-1
2885	0	-1
2886	0	-1
2887	0	-1
2888	0	-1
2889	0	-1
2890	0	-1
2891	0	-0.666666666666667
2892	0	-0.333333333333333
2893	0	0
2894	0.333333333333333	0
2895	0.333333333333333	0
2896	0.666666666666667	0
2897	1	0
2898	1	0
2899	1	0
2900	1	0
2901	1	0
2902	1	0
2903	1	0
2904	1	0
2905	1	0
2906	1	0
2907	1	0
2908	1	0
2909	1	0
2910	1	0
2911	1	0
2912	1	0
2913	1	0
2914	1	0
2915	1	0
2916	1	0
2917	1	0
2918	1	0
2919	1	0
2920	1	0
2921	1	0
2922	1	0
2923	1	0
2924	1	0
2925	1	0
2926	1	0
2927	1	0
2928	1	0
2929	1	0
2930	1	0
2931	1	0
2932	1	0
2933	1	0
2934	1	0
2935	1	0
2936	1	0
2937	1	0
2938	1	0
2939	1	0
2940	1	0
2941	0.666666666666667	0
2942	0.333333333333333	0
2943	0	0
2944	0	-0.333333333333333
2945	0	-0.666666666666667
2946	0	-1
2947	0	-1
2948	0	-1
2949	0	-1
2950	0	-1
2951	0	-1
2952	0	-1
2953	0	-1
2954	0	-1
2955	0	-1
2956	0	-1
2957	0	-1
2958	0	-1
2959	0	-1
2960	0	-1
2961	0	-1
2962	0	-1
2963	0	-1
2964	0	-1
2965	0	-1
2966	0	-1
2967	0	-1
2968	0	-1
2969	0	-1
2970	0	-1
2971	0	-1
2972	0	-1
2973	0	-1
2974	0	-1
2975	0	-1
2976	0	-1
2977	0	-1
2978	0	-1
2979	0	-1
2980	0	-1
2981	0	-1
2982	0	-1
2983	0	-1
2984	0	-1
2985	0	-1
2986	0	-1
2987	0	-1
2988	0	-1
2989	0	-1
2990	0	-1
2991	0	-1
2992	0	-1
2993	0	-1
2994	0	-1
2995	0	-1
2996	0	-1
2997	0	-1
2998	0	-1
2999	0	-1
3000	0	-1
3001	0	-1
3002	0	-1
3003	0	-1
3004	0	-1
3005	0	-1
3006	0	-1
3007	0	-1
3008	0	-1
3009	0	-1
3010	0	-1
3011	0	-1
3012	0	-1
3013	0	-1
3014	0	-1
3015	0	-1
3016	0	-1
3017	0	-1
3018	0	-1
3019	0	-1
3020	0	-1
3021	0	-1
3022	0	-1
3023	0	-1
3024	0	-1
3025	0	-1
3026	0	-1
3027	0	-1
3028	0	-1
3029	0	-1
3030	0	-1
3031	0	-1
3032	0	-1
3033	0	-1
3034	0	-1
3035	0	-1
3036	0	-1
3037	0	-1
3038	0	-1
3039	0	-1
3040	0	-1
3041	0	-1
3042	0	-1
3043	0	-1
3044	0	-1
3045	0	-1
3046	0	-1
3047	0	-1
3048	0	-1
3049	0	-1
3050	0	-1
3051	0	-1
3052	0	-1
3053	0	-1
3054	0	-1
3055	0	-1
3056	0	-1
3057	0	-1
3058	0	-1
3059	0	-1
3060	0	-1
3061	0	-1
3062	0	-1
3063	0	-1
3064	0	-1
3065	0	-1
3066	0	-1
3067	0	-1
3068	0	-1
3069	0	-1
3070	0	-1
3071	0	-1
3072	0	-1
3073	0	-1
3074	0	-1
3075	0	-1
3076	0	-1
3077	0	-1
3078	0	-1
3079	0	-1
3080	0	-1
3081	0	-1
3082	0	-1
3083	0	-1
3084	0	-1
3085	0	-1
3086	0	-1
3087	0	-1
3088	0	-1
3089	0	-1
3090	0	-1
3091	0	-1
3092	0	-1
3093	0	-1
3094	0	-1
3095	0	-1
3096	0	-1
3097	0	-1
3098	0	-1
3099	0	-1
3100	0	-1
3101	0	-1
3102	0	-1
3103	0	-1
3104	0	-1
3105	0	-1
3106	0	-1
3107	0	-1
3108	0	-1
3109	0	-1
3110	0	-1
3111	0	-1
3112	0	-1
3113	0	-1
3114	0	-1
3115	0	-1
3116	0	-1
3117	0	-1
3118	0	-1
3119	0	-1
3120	0	-1
3121	0	-1
3122	0	-1
3123	0	-1
3124	0	-1
3125	0	-1
3126	0	-1
3127	0	-1
3128	0	-1
3129	0	-1
3130	0	-1
3131	0	-1
3132	0	-1
3133	0	-1
3134	0	-1
3135	0	-1
3136	0	-1
3137	0	-1
3138	0	-1
3139	0	-1
3140	0	-1
3141	0	-1
3142	0	-1
3143	0	-1
3144	0	-1
3145	0	-1
3146	0	-1
3147	0	-1
3148	0	-1
3149	0	-1
3150	0	-1
3151	0	-1
3152	0	-1
3153	0	-1
3154	0	-1
3155	0	-1
3156	0	-1
3157	0	-1
3158	0	-1
3159	0	-1
3160	0	-1
3161	0	-0.666666666666667
3162	0	-0.333333333333333
3163	0	0
3164	0.333333333333333	0
3165	0.666666666666667	0
3166	0.666666666666667	0
3167	1	0
3168	1	0
3169	0.666666666666667	0
3170	0.333333333333333	0
3171	0	0
3172	0	-0.333333333333333
3173	0	-0.666666666666667
3174	0	-1
3175	0	-1
3176	0	-1
3177	0	-1
3178	0	-1
3179	0	-1
3180	0	-1
3181	0	-1
3182	0	-0.666666666666667
3183	0	-0.333333333333333
3184	0	0
3185	0.333333333333333	0
3186	0.666666666666667	0
3187	0.666666666666667	0
3188	0.333333333333333	0
3189	0	0
3190	0	0
3191	0	0
3192	0	0
3193	0.333333333333333	0
3194	0	0
3195	0	-0.333333333333333
3196	0	-0.666666666666667
3197	0	-1
3198	0	-1
3199	0	-1
3200	0	-1
3201	0	-1
3202	0	-1
3203	0	-1
3204	0	-1
3205	0	-1
3206	0	-1
3207	0	-1
3208	0	-1
3209	0	-1
3210	0	-1
3211	0	-1
3212	0	-1
3213	0	-1
3214	0	-1
3215	0	-1
3216	0	-1
3217	0	-1
3218	0	-1
3219	0	-1
3220	0	-1
3221	0	-1
3222	0	-1
3223	0	-1
3224	0	-1
3225	0	-1
3226	0	-1
3227	0	-1
3228	0	-1
3229	0	-1
3230	0	-1
3231	0	-1
3232	0	-1
3233	0	-1
3234	0	-1
3235	0	-1
3236	0	-1
3237	0	-1
3238	0	-1
3239	0	-1
3240	0	-1
3241	0	-1
3242	0	-1
3243	0	-1
3244	0	-1
3245	0	-1
3246	0	-1
3247	0	-1
3248	0	-1
3249	0	-1
3250	0	-1
3251	0	-1
3252	0	-1
3253	0	-1
3254	0	-1
3255	0	-1
3256	0	-1
3257	0	-1
3258	0	-1
3259	0	-1
3260	0	-1
3261	0	-1
3262	0	-1
3263	0	-1
3264	0	-1
3265	0	-1
3266	0	-1
3267	0	-1
3268	0	-1
3269	0	-0.666666666666667
3270	0	-0.333333333333333
3271	0	0
3272	0.333333333333333	0
3273	0.333333333333333	0
3274	0.666666666666667	0
3275	1	0
3276	1	0
3277	1	0
3278	1	0
3279	1	0
3280	1	0
3281	1	0
3282	0.666666666666667	0
3283	0.666666666666667	0
3284	1	0
3285	1	0
3286	1	0
3287	1	0
3288	1	0
3289	1	0
3290	1	0
3291	1	0
3292	1	0
3293	1	0
3294	1	0
3295	1	0
3296	1	0
3297	1	0
3298	1	0
3299	1	0
3300	1	0
3301	1	0
3302	1	0
3303	1	0
3304	1	0
3305	1	0
3306	0.666666666666667	0
3307	0.666666666666667	0
3308	0.666666666666667	0
3309	0.666666666666667	0
3310	0.666666666666667	0
3311	0.666666666666667	0
3312	0.666666666666667	0
3313	0.666666666666667	0
3314	0.666666666666667	0
3315	1	0
3316	1	0
3317	1	0
3318	1	0
3319	1	0
3320	1	0
3321	1	0
3322	1	0
3323	0.666666666666667	0
3324	0.333333333333333	0
3325	0.333333333333333	0
3326	0	0
3327	0	-0.333333333333333
3328	0	-0.666666666666667
3329	0	-1
3330	0	-1
3331	0	-1
3332	0	-1
3333	0	-1
3334	0	-1
3335	0	-1
3336	0	-1
3337	0	-1
3338	0	-1
3339	0	-1
3340	0	-1
3341	0	-1
3342	0	-1
3343	0	-1
3344	0	-1
3345	0	-1
3346	0	-1
3347	0	-1
3348	0	-1
3349	0	-1
3350	0	-1
3351	0	-1
3352	0	-1
3353	0	-1
3354	0	-1
3355	0	-1
3356	0	-1
3357	0	-1
3358	0	-1
3359	0	-1
3360	0	-0.666666666666667
3361	0	-0.666666666666667
3362	0	-1
3363	0	-0.666666666666667
3364	0	-1
3365	0	-1
3366	0	-1
3367	0	-1
3368	0	-1
3369	0	-1
3370	0	-1
3371	0	-1
3372	0	-1
3373	0	-1
3374	0	-1
3375	0	-1
3376	0	-1
3377	0	-1
3378	0	-1
3379	0	-1
3380	0	-1
3381	0	-1
3382	0	-1
3383	0	-1
3384	0	-1
3385	0	-1
3386	0	-1
3387	0	-1
3388	0	-1
3389	0	-1
3390	0	-1
3391	0	-1
3392	0	-1
3393	0	-1
3394	0	-1
3395	0	-1
3396	0	-1
3397	0	-1
3398	0	-1
3399	0	-1
3400	0	-1
3401	0	-1
3402	0	-1
3403	0	-1
3404	0	-1
3405	0	-1
3406	0	-1
3407	0	-1
3408	0	-1
3409	0	-1
3410	0	-1
3411	0	-1
3412	0	-1
3413	0	-1
3414	0	-1
3415	0	-1
3416	0	-1
3417	0	-1
3418	0	-1
3419	0	-1
3420	0	-1
3421	0	-1
3422	0	-1
3423	0	-1
3424	0	-1
3425	0	-1
3426	0	-1
3427	0	-1
3428	0	-1
3429	0	-1
3430	0	-1
3431	0	-1
3432	0	-1
3433	0	-1
3434	0	-1
3435	0	-1
3436	0	-1
3437	0	-1
3438	0	-1
3439	0	-1
3440	0	-1
3441	0	-1
3442	0	-1
3443	0	-1
3444	0	-1
3445	0	-1
3446	0	-1
3447	0	-1
3448	0	-1
3449	0	-1
3450	0	-1
3451	0	-1
3452	0	-1
3453	0	-1
3454	0	-1
3455	0	-1
3456	0	-1
3457	0	-1
3458	0	-1
3459	0	-1
3460	0	-1
3461	0	-1
3462	0	-1
3463	0	-1
3464	0	-1
3465	0	-1
3466	0	-1
3467	0	-1
3468	0	-1
3469	0	-1
3470	0	-1
3471	0	-1
3472	0	-1
3473	0	-1
3474	0	-1
3475	0	-1
3476	0	-1
3477	0	-1
3478	0	-1
3479	0	-1
3480	0	-1
3481	0	-1
3482	0	-1
3483	0	-1
3484	0	-1
3485	0	-1
3486	0	-1
3487	0	-1
3488	0	-1
3489	0	-1
3490	0	-1
3491	0	-1
3492	0	-1
3493	0	-1
3494	0	-1
3495	0	-1
3496	0	-1
3497	0	-1
3498	0	-1
3499	0	-1
3500	0	-1
3501	0	-1
3502	0	-1
3503	0	-1
3504	0	-1
3505	0	-1
3506	0	-1
3507	0	-1
3508	0	-1
3509	0	-1
3510	0	-1
3511	0	-1
3512	0	-1
3513	0	-1
3514	0	-1
3515	0	-1
3516	0	-1
3517	0	-1
3518	0	-1
3519	0	-1
3520	0	-1
3521	0	-1
3522	0	-1
3523	0	-1
3524	0	-1
3525	0	-1
3526	0	-1
3527	0	-1
3528	0	-1
3529	0	-1
3530	0	-1
3531	0	-1
3532	0	-1
3533	0	-1
3534	0	-1
3535	0	-1
3536	0	-1
3537	0	-1
3538	0	-1
3539	0	-1
3540	0	-1
3541	0	-1
3542	0	-1
3543	0	-1
3544	0	-1
3545	0	-1
3546	0	-1
3547	0	-1
3548	0	-1
3549	0	-1
3550	0	-1
3551	0	-1
3552	0	-1
3553	0	-1
3554	0	-1
3555	0	-1
3556	0	-1
3557	0	-1
3558	0	-1
3559	0	-1
3560	0	-1
3561	0	-1
3562	0	-1
3563	0	-1
3564	0	-1
3565	0	-1
3566	0	-1
3567	0	-1
3568	0	-1
3569	0	-1
3570	0	-1
3571	0	-1
3572	0	-1
3573	0	-1
3574	0	-1
3575	0	-1
3576	0	-1
3577	0	-1
3578	0	-1
3579	0	-1
3580	0	-1
3581	0	-1
3582	0	-1
3583	0	-1
3584	0	-1
3585	0	-1
3586	0	-1
3587	0	-1
3588	0	-1
3589	0	-1
3590	0	-1
3591	0	-1
3592	0	-1
3593	0	-1
3594	0	-1
3595	0	-1
3596	0	-1
3597	0	-1
3598	0	-1
3599	0	-1
3600	0	-1
3601	0	-1
3602	0	-1
3603	0	-1
3604	0	-1
3605	0	-1
3606	0	-1
3607	0	-1
3608	0	-1
3609	0	-1
3610	0	-1
3611	0	-1
3612	0	-1
3613	0	-1
3614	0	-1
3615	0	-1
3616	0	-1
3617	0	-1
3618	0	-1
3619	0	-1
3620	0	-1
3621	0	-1
3622	0	-1
3623	0	-1
3624	0	-1
3625	0	-1
3626	0	-1
3627	0	-1
3628	0	-1
3629	0	-1
3630	0	-1
3631	0	-1
3632	0	-1
3633	0	-1
3634	0	-1
3635	0	-1
3636	0	-1
3637	0	-1
3638	0	-1
3639	0	-1
3640	0	-1
3641	0	-1
3642	0	-1
3643	0	-1
3644	0	-1
3645	0	-1
3646	0	-1
3647	0	-1
3648	0	-1
3649	0	-1
3650	0	-1
3651	0	-1
3652	0	-1
3653	0	-1
3654	0	-1
3655	0	-1
3656	0	-1
3657	0	-1
3658	0	-1
3659	0	-1
3660	0	-1
3661	0	-1
3662	0	-1
3663	0	-1
3664	0	-1
3665	0	-1
3666	0	-1
3667	0	-1
3668	0	-1
3669	0	-1
3670	0	-1
3671	0	-1
3672	0	-1
3673	0	-1
3674	0	-1
3675	0	-1
3676	0	-1
3677	0	-1
3678	0	-1
3679	0	-1
3680	0	-1
3681	0	-1
3682	0	-1
3683	0	-1
3684	0	-1
3685	0	-1
3686	0	-1
3687	0	-1
3688	0	-1
3689	0	-1
3690	0	-1
3691	0	-1
3692	0	-1
3693	0	-1
3694	0	-1
3695	0	-1
3696	0	-1
3697	0	-1
3698	0	-1
3699	0	-1
3700	0	-1
3701	0	-1
3702	0	-1
3703	0	-1
3704	0	-1
3705	0	-1
3706	0	-1
3707	0	-1
3708	0	-1
3709	0	-1
3710	0	-1
3711	0	-1
3712	0	-1
3713	0	-1
3714	0	-1
3715	0	-1
3716	0	-1
3717	0	-1
3718	0	-1
3719	0	-1
3720	0	-1
3721	0	-1
3722	0	-1
3723	0	-1
3724	0	-1
3725	0	-1
3726	0	-1
3727	0	-1
3728	0	-1
3729	0	-1
3730	0	-1
3731	0	-1
3732	0	-1
3733	0	-1
3734	0	-1
3735	0	-1
3736	0	-1
3737	0	-1
3738	0	-1
3739	0	-1
3740	0	-1
3741	0	-1
3742	0	-1
3743	0	-1
3744	0	-1
3745	0	-1
3746	0	-1
3747	0	-1
3748	0	-1
3749	0	-1
3750	0	-1
3751	0	-1
3752	0	-1
3753	0	-1
3754	0	-1
3755	0	-1
3756	0	-1
3757	0	-1
3758	0	-1
3759	0	-1
3760	0	-1
3761	0	-1
3762	0	-1
3763	0	-1
3764	0	-1
3765	0	-1
3766	0	-1
3767	0	-1
3768	0	-1
3769	0	-1
3770	0	-1
3771	0	-1
3772	0	-1
3773	0	-1
3774	0	-1
3775	0	-1
3776	0	-1
3777	0	-1
3778	0	-1
3779	0	-1
3780	0	-1
3781	0	-1
3782	0	-1
3783	0	-1
3784	0	-1
3785	0	-1
3786	0	-1
3787	0	-1
3788	0	-1
3789	0	-1
3790	0	-1
3791	0	-1
3792	0	-1
3793	0	-1
3794	0	-1
3795	0	-1
3796	0	-1
3797	0	-1
3798	0	-1
3799	0	-1
3800	0	-1
3801	0	-1
3802	0	-1
3803	0	-1
3804	0	-1
3805	0	-1
3806	0	-1
3807	0	-1
3808	0	-1
3809	0	-1
3810	0	-1
3811	0	-1
3812	0	-1
3813	0	-1
3814	0	-1
3815	0	-1
3816	0	-1
3817	0	-1
3818	0	-0.833333333333333
3819	0	-0.666666666666667
3820	0	-0.5
3821	0	-0.333333333333333
3822	0	-0.166666666666667
3823	0	0
