position	positive	negative
1	0	-0.166666666666667
2	0	-0.333333333333333
3	0	-0.5
4	0	-0.666666666666667
5	0	-0.833333333333333
6	0	-1
7	0	-1
8	0	-1
9	0	-1
10	0	-1
11	0	-1
12	0	-1
13	0	-1
14	0	-1
15	0	-1
16	0	-1
17	0	-1
18	0	-1
19	0	-1
20	0	-1
21	0	-1
22	0	-1
23	0	-1
24	0	-1
25	0	-1
26	0	-1
27	0	-1
28	0	-1
29	0	-1
30	0	-1
31	0	-1
32	0	-1
33	0	-1
34	0	-1
35	0	-1
36	0	-1
37	0	-1
38	0	-1
39	0	-1
40	0	-1
41	0	-1
42	0	-1
43	0	-1
44	0	-1
45	0	-0.833333333333333
46	0	-0.666666666666667
47	0	-0.333333333333333
48	0	0
49	0	0
50	0.333333333333333	0
51	0.5	0
52	0.333333333333333	0
53	0	0
54	0	-0.333333333333333
55	0	-0.666666666666667
56	0	-1
57	0	-1
58	0	-1
59	0	-1
60	0	-1
61	0	-1
62	0	-0.666666666666667
63	0	-0.333333333333333
64	0	0
65	0.333333333333333	0
66	0.666666666666667	0
67	0.666666666666667	0
68	1	0
69	0.666666666666667	0
70	0.666666666666667	0
71	0.666666666666667	0
72	0.333333333333333	0
73	0.333333333333333	0
74	0.5	0
75	0.666666666666667	0
76	0.666666666666667	0
77	1	0
78	1	0
79	1	0
80	1	0
81	1	0
82	1	0
83	1	0
84	1	0
85	1	0
86	1	0
87	1	0
88	1	0
89	1	0
90	1	0
91	1	0
92	1	0
93	1	0
94	1	0
95	1	0
96	1	0
97	1	0
98	1	0
99	1	0
100	1	0
101	1	0
102	1	0
103	0.666666666666667	0
104	0.666666666666667	0
105	0.666666666666667	0
106	0.333333333333333	0
107	0.333333333333333	0
108	0	0
109	0	0
110	0	0
111	0	0
112	0	0
113	0	0
114	0	0
115	0	0
116	0	-0.166666666666667
117	0	-0.333333333333333
118	0	-0.333333333333333
119	0	-0.666666666666667
120	0	-0.333333333333333
121	0	-0.333333333333333
122	0	-0.166666666666667
123	0	0
124	0.333333333333333	0
125	0.666666666666667	0
126	0.666666666666667	0
127	0.666666666666667	0
128	0.666666666666667	0
129	1	0
130	1	0
131	1	0
132	1	0
133	1	0
134	1	0
135	1	0
136	1	0
137	1	0
138	1	0
139	1	0
140	1	0
141	0.666666666666667	0
142	0.333333333333333	0
143	0.166666666666667	0
144	0	0
145	0	-0.333333333333333
146	0	-0.666666666666667
147	0	-0.833333333333333
148	0	-1
149	0	-1
150	0	-1
151	0	-1
152	0	-1
153	0	-1
154	0	-1
155	0	-1
156	0	-1
157	0	-1
158	0	-1
159	0	-1
160	0	-1
161	0	-1
162	0	-1
163	0	-1
164	0	-1
165	0	-1
166	0	-1
167	0	-1
168	0	-1
169	0	-1
170	0	-1
171	0	-1
172	0	-1
173	0	-1
174	0	-1
175	0	-1
176	0	-1
177	0	-1
178	0	-1
179	0	-1
180	0	-0.666666666666667
181	0	-0.333333333333333
182	0	-0.333333333333333
183	0	-0.333333333333333
184	0	0
185	0.333333333333333	0
186	0.666666666666667	0
187	1	0
188	1	0
189	1	0
190	1	0
191	1	0
192	1	0
193	1	0
194	1	0
195	1	0
196	1	0
197	1	0
198	0.666666666666667	0
199	0.666666666666667	0
200	0.666666666666667	0
201	0.666666666666667	0
202	0.666666666666667	0
203	0.666666666666667	0
204	0.833333333333333	0
205	1	0
206	1	0
207	1	0
208	1	0
209	1	0
210	1	0
211	1	0
212	1	0
213	1	0
214	1	0
215	1	0
216	1	0
217	1	0
218	1	0
219	1	0
220	1	0
221	1	0
222	1	0
223	0.666666666666667	0
224	0.333333333333333	0
225	0	0
226	0	-0.333333333333333
227	0	-0.666666666666667
228	0	-0.666666666666667
229	0	-1
230	0	-1
231	0	-1
232	0	-1
233	0	-1
234	0	-1
235	0	-1
236	0	-1
237	0	-1
238	0	-1
239	0	-1
240	0	-1
241	0	-1
242	0	-1
243	0	-1
244	0	-1
245	0	-1
246	0	-1
247	0	-1
248	0	-1
249	0	-1
250	0	-1
251	0	-1
252	0	-1
253	0	-1
254	0	-1
255	0	-1
256	0	-1
257	0	-1
258	0	-1
259	0	-1
260	0	-1
261	0	-0.833333333333333
262	0	-0.666666666666667
263	0	-0.5
264	0	-0.333333333333333
265	0	-0.166666666666667
266	0	0
