position	positive	negative
1	0	-0.166666666666667
2	0	-0.333333333333333
3	0	-0.5
4	0	-0.666666666666667
5	0	-0.833333333333333
6	0	-1
7	0	-1
8	0	-1
9	0	-1
10	0	-1
11	0	-1
12	0	-1
13	0	-1
14	0	-1
15	0	-1
16	0	-1
17	0	-1
18	0	-1
19	0	-1
20	0	-1
21	0	-1
22	0	-1
23	0	-1
24	0	-1
25	0	-1
26	0	-1
27	0	-1
28	0	-1
29	0	-1
30	0	-1
31	0	-1
32	0	-1
33	0	-1
34	0	-1
35	0	-1
36	0	-1
37	0	-1
38	0	-1
39	0	-1
40	0	-1
41	0	-1
42	0	-1
43	0	-1
44	0	-1
45	0	-1
46	0	-1
47	0	-1
48	0	-1
49	0	-1
50	0	-1
51	0	-1
52	0	-1
53	0	-1
54	0	-1
55	0	-1
56	0	-1
57	0	-1
58	0	-1
59	0	-1
60	0	-1
61	0	-1
62	0	-1
63	0	-1
64	0	-1
65	0	-1
66	0	-1
67	0	-1
68	0	-1
69	0	-1
70	0	-1
71	0	-1
72	0	-1
73	0	-1
74	0	-1
75	0	-1
76	0	-1
77	0	-1
78	0	-1
79	0	-1
80	0	-1
81	0	-1
82	0	-1
83	0	-0.666666666666667
84	0	-0.666666666666667
85	0	-0.333333333333333
86	0	0
87	0	-0.333333333333333
88	0	-0.666666666666667
89	0	-0.666666666666667
90	0	-0.666666666666667
91	0	-0.666666666666667
92	0	-1
93	0	-1
94	0	-1
95	0	-1
96	0	-1
97	0	-1
98	0	-1
99	0	-1
100	0	-1
101	0	-1
102	0	-1
103	0	-1
104	0	-1
105	0	-0.666666666666667
106	0	-0.666666666666667
107	0	-0.666666666666667
108	0	-1
109	0	-1
110	0	-1
111	0	-1
112	0	-1
113	0	-1
114	0	-1
115	0	-1
116	0	-1
117	0	-1
118	0	-1
119	0	-1
120	0	-1
121	0	-1
122	0	-1
123	0	-1
124	0	-1
125	0	-1
126	0	-1
127	0	-1
128	0	-0.666666666666667
129	0	-0.666666666666667
130	0	-0.333333333333333
131	0	-0.333333333333333
132	0	-0.333333333333333
133	0	-0.333333333333333
134	0	-0.333333333333333
135	0	-0.333333333333333
136	0	-0.666666666666667
137	0	-1
138	0	-1
139	0	-1
140	0	-1
141	0	-1
142	0	-1
143	0	-1
144	0	-1
145	0	-1
146	0	-1
147	0	-1
148	0	-1
149	0	-1
150	0	-1
151	0	-0.666666666666667
152	0	-0.333333333333333
153	0	-0.333333333333333
154	0	-0.333333333333333
155	0	0
156	0	0
157	0	-0.333333333333333
158	0	-0.666666666666667
159	0	-0.333333333333333
160	0	-0.333333333333333
161	0	0
162	0.333333333333333	0
163	0.666666666666667	0
164	0.666666666666667	0
165	0.666666666666667	0
166	1	0
167	0.666666666666667	0
168	0.333333333333333	0
169	0.333333333333333	0
170	0.666666666666667	0
171	0.666666666666667	0
172	0.666666666666667	0
173	0.666666666666667	0
174	1	0
175	1	0
176	0.666666666666667	0
177	0.333333333333333	0
178	0	0
179	0	0
180	0	-0.333333333333333
181	0	-0.666666666666667
182	0	-0.333333333333333
183	0	-0.333333333333333
184	0	0
185	0.333333333333333	0
186	0.666666666666667	0
187	0.666666666666667	0
188	0.333333333333333	0
189	0	0
190	0	-0.333333333333333
191	0	-0.666666666666667
192	0	-1
193	0	-1
194	0	-1
195	0	-1
196	0	-1
197	0	-1
198	0	-1
199	0	-1
200	0	-1
201	0	-1
202	0	-1
203	0	-1
204	0	-1
205	0	-1
206	0	-1
207	0	-1
208	0	-1
209	0	-1
210	0	-1
211	0	-1
212	0	-1
213	0	-1
214	0	-1
215	0	-1
216	0	-1
217	0	-1
218	0	-1
219	0	-1
220	0	-1
221	0	-1
222	0	-1
223	0	-1
224	0	-1
225	0	-1
226	0	-1
227	0	-1
228	0	-1
229	0	-1
230	0	-1
231	0	-1
232	0	-1
233	0	-1
234	0	-1
235	0	-1
236	0	-1
237	0	-1
238	0	-0.666666666666667
239	0	-0.666666666666667
240	0	-1
241	0	-0.666666666666667
242	0	-0.666666666666667
243	0	-0.666666666666667
244	0	-1
245	0	-1
246	0	-1
247	0	-1
248	0	-1
249	0	-1
250	0	-1
251	0	-1
252	0	-1
253	0	-1
254	0	-1
255	0	-1
256	0	-1
257	0	-0.666666666666667
258	0	-0.666666666666667
259	0	-0.333333333333333
260	0	0
261	0	0
262	0.333333333333333	0
263	0.333333333333333	0
264	0.666666666666667	0
265	0.333333333333333	0
266	0	0
267	0	-0.333333333333333
268	0	-0.666666666666667
269	0	-0.666666666666667
270	0	-1
271	0	-1
272	0	-1
273	0	-1
274	0	-1
275	0	-1
276	0	-1
277	0	-1
278	0	-1
279	0	-1
280	0	-1
281	0	-1
282	0	-1
283	0	-1
284	0	-1
285	0	-1
286	0	-0.666666666666667
287	0	-0.666666666666667
288	0	-0.333333333333333
289	0	0
290	0.333333333333333	0
291	0.666666666666667	0
292	1	0
293	0.666666666666667	0
294	0.333333333333333	0
295	0	0
296	0	-0.333333333333333
297	0	-0.666666666666667
298	0	-1
299	0	-1
300	0	-1
301	0	-1
302	0	-1
303	0	-1
304	0	-1
305	0	-0.666666666666667
306	0	-0.666666666666667
307	0	-0.666666666666667
308	0	-0.333333333333333
309	0	-0.333333333333333
310	0	-0.333333333333333
311	0	-0.333333333333333
312	0	-0.666666666666667
313	0	-0.666666666666667
314	0	-0.666666666666667
315	0	-0.333333333333333
316	0	-0.333333333333333
317	0	-0.333333333333333
318	0	-0.666666666666667
319	0	-0.333333333333333
320	0	0
321	0	0
322	0.333333333333333	0
323	0.666666666666667	0
324	1	0
325	1	0
326	0.666666666666667	0
327	0.333333333333333	0
328	0.333333333333333	0
329	0	0
330	0	0
331	0	-0.333333333333333
332	0	-0.333333333333333
333	0	-0.333333333333333
334	0	0
335	0	0
336	0	0
337	0	0
338	0.333333333333333	0
339	0.333333333333333	0
340	0.333333333333333	0
341	0	0
342	0	0
343	0	-0.333333333333333
344	0	-0.666666666666667
345	0	-1
346	0	-1
347	0	-1
348	0	-1
349	0	-1
350	0	-1
351	0	-1
352	0	-1
353	0	-1
354	0	-1
355	0	-1
356	0	-1
357	0	-1
358	0	-1
359	0	-1
360	0	-1
361	0	-1
362	0	-1
363	0	-1
364	0	-1
365	0	-1
366	0	-1
367	0	-1
368	0	-1
369	0	-1
370	0	-1
371	0	-1
372	0	-1
373	0	-1
374	0	-1
375	0	-1
376	0	-1
377	0	-1
378	0	-1
379	0	-1
380	0	-1
381	0	-1
382	0	-1
383	0	-1
384	0	-1
385	0	-1
386	0	-1
387	0	-1
388	0	-1
389	0	-1
390	0	-1
391	0	-1
392	0	-1
393	0	-1
394	0	-1
395	0	-1
396	0	-1
397	0	-1
398	0	-0.666666666666667
399	0	-0.333333333333333
400	0	0
401	0.333333333333333	0
402	0.666666666666667	0
403	1	0
404	0.666666666666667	0
405	0.333333333333333	0
406	0	0
407	0	-0.333333333333333
408	0	-0.666666666666667
409	0	-1
410	0	-1
411	0	-1
412	0	-1
413	0	-1
414	0	-1
415	0	-1
416	0	-1
417	0	-0.666666666666667
418	0	-0.333333333333333
419	0	0
420	0	0
421	0	0
422	0	0
423	0	0
424	0	-0.333333333333333
425	0	-0.666666666666667
426	0	-1
427	0	-1
428	0	-1
429	0	-1
430	0	-1
431	0	-1
432	0	-1
433	0	-1
434	0	-0.666666666666667
435	0	-0.666666666666667
436	0	-0.666666666666667
437	0	-1
438	0	-1
439	0	-0.666666666666667
440	0	-0.666666666666667
441	0	-0.666666666666667
442	0	-0.333333333333333
443	0	-0.333333333333333
444	0	-0.333333333333333
445	0	-0.666666666666667
446	0	-0.666666666666667
447	0	-0.666666666666667
448	0	-1
449	0	-1
450	0	-1
451	0	-1
452	0	-1
453	0	-1
454	0	-1
455	0	-1
456	0	-1
457	0	-1
458	0	-1
459	0	-1
460	0	-1
461	0	-1
462	0	-1
463	0	-1
464	0	-1
465	0	-1
466	0	-1
467	0	-1
468	0	-1
469	0	-1
470	0	-1
471	0	-1
472	0	-1
473	0	-1
474	0	-1
475	0	-1
476	0	-1
477	0	-0.666666666666667
478	0	-0.333333333333333
479	0	0
480	0	0
481	0	0
482	0	0
483	0	-0.333333333333333
484	0	-0.333333333333333
485	0	-0.666666666666667
486	0	-0.666666666666667
487	0	-0.666666666666667
488	0	-0.666666666666667
489	0	-0.666666666666667
490	0	-1
491	0	-1
492	0	-1
493	0	-1
494	0	-1
495	0	-1
496	0	-1
497	0	-1
498	0	-1
499	0	-1
500	0	-1
501	0	-1
502	0	-1
503	0	-1
504	0	-1
505	0	-1
506	0	-1
507	0	-1
508	0	-1
509	0	-1
510	0	-1
511	0	-1
512	0	-1
513	0	-0.666666666666667
514	0	-0.333333333333333
515	0	0
516	0.333333333333333	0
517	0.666666666666667	0
518	1	0
519	0.666666666666667	0
520	0.333333333333333	0
521	0	0
522	0	-0.333333333333333
523	0	-0.666666666666667
524	0	-1
525	0	-1
526	0	-1
527	0	-1
528	0	-1
529	0	-1
530	0	-1
531	0	-1
532	0	-1
533	0	-1
534	0	-1
535	0	-1
536	0	-1
537	0	-1
538	0	-1
539	0	-1
540	0	-1
541	0	-1
542	0	-1
543	0	-1
544	0	-1
545	0	-1
546	0	-1
547	0	-1
548	0	-1
549	0	-1
550	0	-1
551	0	-1
552	0	-1
553	0	-1
554	0	-1
555	0	-1
556	0	-1
557	0	-1
558	0	-1
559	0	-1
560	0	-1
561	0	-1
562	0	-1
563	0	-1
564	0	-1
565	0	-1
566	0	-1
567	0	-0.666666666666667
568	0	-0.333333333333333
569	0	0
570	0.333333333333333	0
571	0.666666666666667	0
572	1	0
573	1	0
574	1	0
575	1	0
576	1	0
577	0.666666666666667	0
578	0.333333333333333	0
579	0	0
580	0	-0.333333333333333
581	0	-0.666666666666667
582	0	-1
583	0	-1
584	0	-1
585	0	-1
586	0	-1
587	0	-1
588	0	-1
589	0	-1
590	0	-1
591	0	-0.666666666666667
592	0	-0.666666666666667
593	0	-0.333333333333333
594	0	0
595	0.333333333333333	0
596	0.666666666666667	0
597	0.666666666666667	0
598	1	0
599	0.666666666666667	0
600	0.333333333333333	0
601	0	0
602	0	-0.333333333333333
603	0	0
604	0	-0.333333333333333
605	0	-0.666666666666667
606	0	-0.666666666666667
607	0	-1
608	0	-1
609	0	-1
610	0	-1
611	0	-0.666666666666667
612	0	-0.666666666666667
613	0	-0.333333333333333
614	0	-0.333333333333333
615	0	-0.333333333333333
616	0	-0.333333333333333
617	0	-0.333333333333333
618	0	-0.666666666666667
619	0	-0.666666666666667
620	0	-1
621	0	-1
622	0	-1
623	0	-1
624	0	-1
625	0	-1
626	0	-1
627	0	-1
628	0	-1
629	0	-1
630	0	-1
631	0	-0.666666666666667
632	0	-0.333333333333333
633	0	0
634	0.333333333333333	0
635	0.666666666666667	0
636	1	0
637	1	0
638	1	0
639	1	0
640	1	0
641	1	0
642	1	0
643	1	0
644	1	0
645	1	0
646	1	0
647	0.666666666666667	0
648	0.333333333333333	0
649	0	0
650	0	-0.333333333333333
651	0	-0.666666666666667
652	0	-1
653	0	-1
654	0	-1
655	0	-1
656	0	-1
657	0	-1
658	0	-1
659	0	-1
660	0	-1
661	0	-1
662	0	-1
663	0	-1
664	0	-1
665	0	-0.666666666666667
666	0	-0.333333333333333
667	0	0
668	0.333333333333333	0
669	0.666666666666667	0
670	1	0
671	1	0
672	1	0
673	1	0
674	1	0
675	1	0
676	1	0
677	1	0
678	1	0
679	1	0
680	1	0
681	1	0
682	1	0
683	1	0
684	1	0
685	1	0
686	1	0
687	1	0
688	1	0
689	1	0
690	1	0
691	1	0
692	0.666666666666667	0
693	0.666666666666667	0
694	0.333333333333333	0
695	0	0
696	0	-0.333333333333333
697	0	-0.666666666666667
698	0	-1
699	0	-1
700	0	-1
701	0	-1
702	0	-1
703	0	-1
704	0	-1
705	0	-1
706	0	-0.666666666666667
707	0	-0.333333333333333
708	0	0
709	0.333333333333333	0
710	0.666666666666667	0
711	0.666666666666667	0
712	0.666666666666667	0
713	0.666666666666667	0
714	0.666666666666667	0
715	0.333333333333333	0
716	0.333333333333333	0
717	0.666666666666667	0
718	0.666666666666667	0
719	1	0
720	1	0
721	1	0
722	1	0
723	0.666666666666667	0
724	0.333333333333333	0
725	0	0
726	0	-0.333333333333333
727	0	-0.666666666666667
728	0	-1
729	0	-0.666666666666667
730	0	-0.666666666666667
731	0	-0.666666666666667
732	0	-0.333333333333333
733	0	0
734	0	0
735	0	0
736	0	0
737	0	-0.333333333333333
738	0	-0.666666666666667
739	0	-0.666666666666667
740	0	-1
741	0	-1
742	0	-1
743	0	-1
744	0	-1
745	0	-1
746	0	-1
747	0	-1
748	0	-1
749	0	-0.666666666666667
750	0	-0.666666666666667
751	0	-0.333333333333333
752	0	-0.333333333333333
753	0	-0.333333333333333
754	0	0
755	0	0
756	0.333333333333333	0
757	0.666666666666667	0
758	0.666666666666667	0
759	0.333333333333333	0
760	0	0
761	0	-0.333333333333333
762	0	-0.333333333333333
763	0	-0.666666666666667
764	0	-0.666666666666667
765	0	-0.333333333333333
766	0	-0.333333333333333
767	0	0
768	0	0
769	0.333333333333333	0
770	0.666666666666667	0
771	1	0
772	0.666666666666667	0
773	0.333333333333333	0
774	0	0
775	0	-0.333333333333333
776	0	-0.666666666666667
777	0	-1
778	0	-1
779	0	-1
780	0	-0.666666666666667
781	0	-0.666666666666667
782	0	-0.333333333333333
783	0	-0.333333333333333
784	0	0
785	0.333333333333333	0
786	0.333333333333333	0
787	0.666666666666667	0
788	0.333333333333333	0
789	0.333333333333333	0
790	0	0
791	0	-0.333333333333333
792	0	-0.666666666666667
793	0	-1
794	0	-1
795	0	-1
796	0	-1
797	0	-1
798	0	-1
799	0	-1
800	0	-0.833333333333333
801	0	-0.666666666666667
802	0	-0.5
803	0	-0.333333333333333
804	0	-0.166666666666667
805	0	0
