position	positive	negative
1	0	-0.166666666666667
2	0	-0.333333333333333
3	0	-0.5
4	0	-0.666666666666667
5	0	-0.833333333333333
6	0	-1
7	0	-1
8	0	-1
9	0	-1
10	0	-1
11	0	-1
12	0	-1
13	0	-1
14	0	-1
15	0	-1
16	0	-1
17	0	-1
18	0	-1
19	0	-1
20	0	-1
21	0	-1
22	0	-1
23	0	-1
24	0	-1
25	0	-1
26	0	-1
27	0	-1
28	0	-1
29	0	-1
30	0	-1
31	0	-1
32	0	-1
33	0	-1
34	0	-1
35	0	-1
36	0	-1
37	0	-1
38	0	-1
39	0	-1
40	0	-1
41	0	-1
42	0	-1
43	0	-1
44	0	-1
45	0	-1
46	0	-1
47	0	-1
48	0	-1
49	0	-1
50	0	-1
51	0	-1
52	0	-1
53	0	-1
54	0	-1
55	0	-1
56	0	-1
57	0	-1
58	0	-1
59	0	-1
60	0	-1
61	0	-1
62	0	-1
63	0	-1
64	0	-1
65	0	-1
66	0	-1
67	0	-1
68	0	-1
69	0	-1
70	0	-1
71	0	-1
72	0	-1
73	0	-1
74	0	-1
75	0	-1
76	0	-1
77	0	-1
78	0	-1
79	0	-1
80	0	-1
81	0	-1
82	0	-1
83	0	-1
84	0	-1
85	0	-1
86	0	-1
87	0	-1
88	0	-1
89	0	-1
90	0	-1
91	0	-1
92	0	-1
93	0	-1
94	0	-1
95	0	-1
96	0	-1
97	0	-1
98	0	-1
99	0	-1
100	0	-1
101	0	-1
102	0	-1
103	0	-1
104	0	-1
105	0	-1
106	0	-1
107	0	-1
108	0	-1
109	0	-1
110	0	-1
111	0	-1
112	0	-1
113	0	-1
114	0	-1
115	0	-1
116	0	-1
117	0	-1
118	0	-1
119	0	-1
120	0	-1
121	0	-1
122	0	-1
123	0	-1
124	0	-1
125	0	-1
126	0	-1
127	0	-1
128	0	-1
129	0	-1
130	0	-1
131	0	-1
132	0	-1
133	0	-1
134	0	-1
135	0	-1
136	0	-1
137	0	-1
138	0	-1
139	0	-1
140	0	-1
141	0	-1
142	0	-1
143	0	-1
144	0	-1
145	0	-1
146	0	-1
147	0	-1
148	0	-1
149	0	-1
150	0	-1
151	0	-1
152	0	-1
153	0	-1
154	0	-1
155	0	-1
156	0	-1
157	0	-1
158	0	-1
159	0	-1
160	0	-1
161	0	-1
162	0	-1
163	0	-1
164	0	-1
165	0	-1
166	0	-1
167	0	-1
168	0	-1
169	0	-1
170	0	-1
171	0	-1
172	0	-1
173	0	-1
174	0	-1
175	0	-1
176	0	-1
177	0	-1
178	0	-1
179	0	-1
180	0	-1
181	0	-0.833333333333333
182	0	-0.666666666666667
183	0	-0.333333333333333
184	0	0
185	0	0
186	0.333333333333333	0
187	0.333333333333333	0
188	0.333333333333333	0
189	0.333333333333333	0
190	0.666666666666667	0
191	1	0
192	0.666666666666667	0
193	0.333333333333333	0
194	0	0
195	0	-0.333333333333333
196	0	-0.333333333333333
197	0	-0.666666666666667
198	0	-0.5
199	0	-0.333333333333333
200	0	0
201	0.333333333333333	0
202	0.666666666666667	0
203	0.666666666666667	0
204	0.666666666666667	0
205	0.333333333333333	0
206	0	0
207	0	0
208	0	-0.166666666666667
209	0	0
210	0.333333333333333	0
211	0.666666666666667	0
212	0.666666666666667	0
213	0.666666666666667	0
214	0.333333333333333	0
215	0.333333333333333	0
216	0.166666666666667	0
217	0	0
218	0	-0.333333333333333
219	0	-0.333333333333333
220	0	0
221	0	0
222	0.333333333333333	0
223	0.666666666666667	0
224	0.666666666666667	0
225	1	0
226	1	0
227	1	0
228	1	0
229	1	0
230	1	0
231	1	0
232	1	0
233	1	0
234	1	0
235	1	0
236	1	0
237	0.666666666666667	0
238	1	0
239	1	0
240	1	0
241	1	0
242	0.666666666666667	0
243	0.333333333333333	0
244	0	0
245	0	0
246	0.333333333333333	0
247	0.333333333333333	0
248	0.333333333333333	0
249	0.666666666666667	0
250	0.833333333333333	0
251	1	0
252	1	0
253	1	0
254	1	0
255	1	0
256	1	0
257	1	0
258	1	0
259	1	0
260	1	0
261	1	0
262	1	0
263	1	0
264	1	0
265	1	0
266	1	0
267	1	0
268	0.833333333333333	0
269	1	0
270	1	0
271	1	0
272	1	0
273	1	0
274	1	0
275	1	0
276	1	0
277	1	0
278	1	0
279	1	0
280	1	0
281	1	0
282	1	0
283	1	0
284	1	0
285	1	0
286	1	0
287	1	0
288	1	0
289	1	0
290	1	0
291	1	0
292	1	0
293	1	0
294	1	0
295	1	0
296	1	0
297	1	0
298	1	0
299	1	0
300	1	0
301	1	0
302	1	0
303	1	0
304	1	0
305	1	0
306	0.666666666666667	0
307	0.666666666666667	0
308	0.666666666666667	0
309	0.5	0
310	0.666666666666667	0
311	0.666666666666667	0
312	0.666666666666667	0
313	0.666666666666667	0
314	0.333333333333333	0
315	0	0
316	0	-0.333333333333333
317	0	-0.5
318	0	-0.666666666666667
319	0	-0.333333333333333
320	0	-0.333333333333333
321	0	0
322	0.333333333333333	0
323	0.666666666666667	0
324	1	0
325	1	0
326	1	0
327	1	0
328	1	0
329	1	0
330	1	0
331	0.666666666666667	0
332	0.666666666666667	0
333	0.666666666666667	0
334	0.333333333333333	0
335	0.333333333333333	0
336	0.333333333333333	0
337	0.333333333333333	0
338	0.166666666666667	0
339	0.333333333333333	0
340	0.333333333333333	0
341	0.333333333333333	0
342	0	0
343	0	-0.333333333333333
344	0	-0.666666666666667
345	0	-0.666666666666667
346	0	-1
347	0	-1
348	0	-1
349	0	-1
350	0	-1
351	0	-1
352	0	-1
353	0	-1
354	0	-1
355	0	-1
356	0	-1
357	0	-1
358	0	-1
359	0	-1
360	0	-0.666666666666667
361	0	-0.333333333333333
362	0	0
363	0.333333333333333	0
364	0.666666666666667	0
365	1	0
366	1	0
367	1	0
368	1	0
369	1	0
370	1	0
371	1	0
372	1	0
373	1	0
374	1	0
375	1	0
376	1	0
377	1	0
378	1	0
379	1	0
380	1	0
381	1	0
382	1	0
383	1	0
384	1	0
385	1	0
386	1	0
387	0.833333333333333	0
388	0.666666666666667	0
389	0.666666666666667	0
390	0.666666666666667	0
391	0.666666666666667	0
392	1	0
393	1	0
394	1	0
395	1	0
396	1	0
397	1	0
398	1	0
399	1	0
400	1	0
401	1	0
402	1	0
403	1	0
404	1	0
405	1	0
406	1	0
407	1	0
408	1	0
409	1	0
410	1	0
411	1	0
412	1	0
413	1	0
414	1	0
415	1	0
416	1	0
417	1	0
418	1	0
419	1	0
420	1	0
421	1	0
422	1	0
423	1	0
424	1	0
425	1	0
426	1	0
427	1	0
428	1	0
429	1	0
430	1	0
431	1	0
432	1	0
433	1	0
434	1	0
435	1	0
436	1	0
437	1	0
438	1	0
439	1	0
440	1	0
441	1	0
442	1	0
443	1	0
444	1	0
445	1	0
446	1	0
447	1	0
448	1	0
449	1	0
450	1	0
451	1	0
452	1	0
453	1	0
454	1	0
455	1	0
456	1	0
457	0.833333333333333	0
458	0.833333333333333	0
459	0.833333333333333	0
460	1	0
461	1	0
462	1	0
463	1	0
464	1	0
465	1	0
466	1	0
467	1	0
468	1	0
469	1	0
470	1	0
471	1	0
472	1	0
473	1	0
474	1	0
475	0.666666666666667	0
476	0.333333333333333	0
477	0	0
478	0	-0.333333333333333
479	0	-0.666666666666667
480	0	-1
481	0	-1
482	0	-1
483	0	-1
484	0	-1
485	0	-1
486	0	-1
487	0	-1
488	0	-1
489	0	-1
490	0	-1
491	0	-1
492	0	-1
493	0	-1
494	0	-1
495	0	-1
496	0	-1
497	0	-1
498	0	-1
499	0	-1
500	0	-1
501	0	-1
502	0	-1
503	0	-1
504	0	-1
505	0	-1
506	0	-1
507	0	-1
508	0	-1
509	0	-1
510	0	-1
511	0	-1
512	0	-1
513	0	-1
514	0	-1
515	0	-0.666666666666667
516	0	-0.333333333333333
517	0	0
518	0.333333333333333	0
519	0.666666666666667	0
520	1	0
521	1	0
522	1	0
523	1	0
524	1	0
525	1	0
526	1	0
527	1	0
528	1	0
529	1	0
530	1	0
531	1	0
532	1	0
533	1	0
534	1	0
535	1	0
536	1	0
537	1	0
538	1	0
539	1	0
540	1	0
541	1	0
542	1	0
543	1	0
544	1	0
545	1	0
546	1	0
547	1	0
548	1	0
549	1	0
550	1	0
551	1	0
552	1	0
553	1	0
554	1	0
555	1	0
556	1	0
557	1	0
558	1	0
559	1	0
560	1	0
561	1	0
562	1	0
563	1	0
564	1	0
565	1	0
566	1	0
567	1	0
568	1	0
569	1	0
570	1	0
571	1	0
572	1	0
573	1	0
574	1	0
575	1	0
576	1	0
577	1	0
578	1	0
579	0.666666666666667	0
580	0.333333333333333	0
581	0	0
582	0	-0.333333333333333
583	0	-0.666666666666667
584	0	-1
585	0	-1
586	0	-1
587	0	-1
588	0	-1
589	0	-1
590	0	-1
591	0	-1
592	0	-1
593	0	-1
594	0	-1
595	0	-1
596	0	-1
597	0	-0.666666666666667
598	0	-0.333333333333333
599	0	0
600	0.333333333333333	0
601	0.666666666666667	0
602	1	0
603	1	0
604	1	0
605	1	0
606	1	0
607	1	0
608	1	0
609	1	0
610	1	0
611	1	0
612	1	0
613	1	0
614	1	0
615	1	0
616	1	0
617	1	0
618	1	0
619	1	0
620	1	0
621	1	0
622	1	0
623	1	0
624	1	0
625	1	0
626	1	0
627	1	0
628	1	0
629	1	0
630	1	0
631	1	0
632	1	0
633	1	0
634	1	0
635	1	0
636	1	0
637	1	0
638	1	0
639	1	0
640	1	0
641	1	0
642	1	0
643	1	0
644	1	0
645	1	0
646	1	0
647	1	0
648	1	0
649	1	0
650	1	0
651	1	0
652	1	0
653	1	0
654	1	0
655	1	0
656	1	0
657	1	0
658	1	0
659	1	0
660	1	0
661	1	0
662	1	0
663	1	0
664	1	0
665	1	0
666	1	0
667	1	0
668	1	0
669	1	0
670	1	0
671	1	0
672	0.666666666666667	0
673	0.666666666666667	0
674	0.666666666666667	0
675	0.666666666666667	0
676	0.666666666666667	0
677	0.833333333333333	0
678	1	0
679	1	0
680	1	0
681	1	0
682	1	0
683	1	0
684	1	0
685	1	0
686	1	0
687	1	0
688	1	0
689	1	0
690	1	0
691	1	0
692	1	0
693	1	0
694	1	0
695	1	0
696	1	0
697	1	0
698	1	0
699	1	0
700	1	0
701	1	0
702	1	0
703	1	0
704	1	0
705	1	0
706	1	0
707	1	0
708	1	0
709	1	0
710	1	0
711	1	0
712	0.666666666666667	0
713	0.333333333333333	0
714	0	0
715	0	-0.333333333333333
716	0	-0.666666666666667
717	0	-1
718	0	-1
719	0	-1
720	0	-1
721	0	-1
722	0	-1
723	0	-1
724	0	-1
725	0	-1
726	0	-1
727	0	-1
728	0	-0.666666666666667
729	0	-0.333333333333333
730	0	0
731	0.333333333333333	0
732	0.666666666666667	0
733	1	0
734	1	0
735	1	0
736	1	0
737	1	0
738	1	0
739	1	0
740	1	0
741	1	0
742	1	0
743	1	0
744	1	0
745	1	0
746	1	0
747	1	0
748	1	0
749	1	0
750	1	0
751	1	0
752	1	0
753	1	0
754	1	0
755	1	0
756	1	0
757	1	0
758	1	0
759	1	0
760	1	0
761	1	0
762	1	0
763	1	0
764	1	0
765	1	0
766	1	0
767	1	0
768	1	0
769	1	0
770	1	0
771	1	0
772	1	0
773	1	0
774	1	0
775	0.666666666666667	0
776	0.666666666666667	0
777	1	0
778	1	0
779	1	0
780	1	0
781	1	0
782	1	0
783	1	0
784	1	0
785	1	0
786	1	0
787	1	0
788	1	0
789	0.666666666666667	0
790	0.333333333333333	0
791	0	0
792	0	-0.333333333333333
793	0	-0.666666666666667
794	0	-1
795	0	-1
796	0	-1
797	0	-1
798	0	-1
799	0	-1
800	0	-1
801	0	-1
802	0	-1
803	0	-1
804	0	-1
805	0	-0.666666666666667
806	0	-0.333333333333333
807	0	0
808	0.333333333333333	0
809	0.666666666666667	0
810	1	0
811	1	0
812	1	0
813	1	0
814	1	0
815	0.666666666666667	0
816	0.666666666666667	0
817	0.833333333333333	0
818	0.5	0
819	0.166666666666667	0
820	0	0
821	0	-0.333333333333333
822	0	-0.666666666666667
823	0	-1
824	0	-1
825	0	-1
826	0	-1
827	0	-1
828	0	-1
829	0	-1
830	0	-1
831	0	-1
832	0	-1
833	0	-1
834	0	-1
835	0	-1
836	0	-1
837	0	-1
838	0	-1
839	0	-1
840	0	-1
841	0	-1
842	0	-1
843	0	-1
844	0	-1
845	0	-1
846	0	-1
847	0	-1
848	0	-1
849	0	-1
850	0	-1
851	0	-1
852	0	-1
853	0	-1
854	0	-1
855	0	-1
856	0	-1
857	0	-1
858	0	-1
859	0	-1
860	0	-1
861	0	-1
862	0	-1
863	0	-1
864	0	-1
865	0	-1
866	0	-1
867	0	-1
868	0	-1
869	0	-1
870	0	-1
871	0	-1
872	0	-1
873	0	-1
874	0	-1
875	0	-1
876	0	-1
877	0	-1
878	0	-1
879	0	-1
880	0	-1
881	0	-1
882	0	-1
883	0	-1
884	0	-1
885	0	-1
886	0	-1
887	0	-1
888	0	-1
889	0	-1
890	0	-1
891	0	-1
892	0	-1
893	0	-1
894	0	-1
895	0	-1
896	0	-1
897	0	-1
898	0	-1
899	0	-1
900	0	-1
901	0	-1
902	0	-1
903	0	-1
904	0	-1
905	0	-1
906	0	-1
907	0	-1
908	0	-1
909	0	-1
910	0	-1
911	0	-1
912	0	-1
913	0	-1
914	0	-1
915	0	-1
916	0	-1
917	0	-1
918	0	-1
919	0	-1
920	0	-1
921	0	-1
922	0	-1
923	0	-1
924	0	-1
925	0	-1
926	0	-1
927	0	-1
928	0	-1
929	0	-1
930	0	-1
931	0	-1
932	0	-1
933	0	-1
934	0	-1
935	0	-1
936	0	-1
937	0	-1
938	0	-1
939	0	-1
940	0	-1
941	0	-1
942	0	-1
943	0	-1
944	0	-1
945	0	-1
946	0	-1
947	0	-1
948	0	-1
949	0	-1
950	0	-1
951	0	-1
952	0	-1
953	0	-1
954	0	-1
955	0	-1
956	0	-1
957	0	-1
958	0	-1
959	0	-1
960	0	-1
961	0	-1
962	0	-1
963	0	-1
964	0	-1
965	0	-1
966	0	-1
967	0	-1
968	0	-1
969	0	-1
970	0	-1
971	0	-1
972	0	-1
973	0	-1
974	0	-1
975	0	-1
976	0	-1
977	0	-1
978	0	-1
979	0	-0.833333333333333
980	0	-0.666666666666667
981	0	-0.5
982	0	-0.333333333333333
983	0	-0.166666666666667
984	0	0
