position	positive	negative
1	0	-0.166666666666667
2	0	-0.333333333333333
3	0	-0.5
4	0	-0.666666666666667
5	0	-0.833333333333333
6	0	-1
7	0	-1
8	0	-1
9	0	-1
10	0	-1
11	0	-1
12	0	-1
13	0	-1
14	0	-1
15	0	-1
16	0	-1
17	0	-1
18	0	-1
19	0	-1
20	0	-1
21	0	-1
22	0	-1
23	0	-1
24	0	-1
25	0	-1
26	0	-1
27	0	-1
28	0	-1
29	0	-1
30	0	-1
31	0	-1
32	0	-1
33	0	-1
34	0	-1
35	0	-1
36	0	-1
37	0	-1
38	0	-1
39	0	-1
40	0	-1
41	0	-1
42	0	-1
43	0	-1
44	0	-1
45	0	-1
46	0	-1
47	0	-1
48	0	-1
49	0	-1
50	0	-1
51	0	-1
52	0	-1
53	0	-1
54	0	-1
55	0	-1
56	0	-1
57	0	-1
58	0	-1
59	0	-1
60	0	-1
61	0	-1
62	0	-1
63	0	-1
64	0	-1
65	0	-1
66	0	-1
67	0	-1
68	0	-1
69	0	-1
70	0	-1
71	0	-1
72	0	-1
73	0	-1
74	0	-1
75	0	-1
76	0	-1
77	0	-1
78	0	-1
79	0	-1
80	0	-1
81	0	-1
82	0	-1
83	0	-1
84	0	-1
85	0	-1
86	0	-1
87	0	-1
88	0	-1
89	0	-1
90	0	-1
91	0	-1
92	0	-1
93	0	-1
94	0	-1
95	0	-1
96	0	-1
97	0	-1
98	0	-1
99	0	-1
100	0	-1
101	0	-1
102	0	-1
103	0	-1
104	0	-1
105	0	-1
106	0	-1
107	0	-1
108	0	-1
109	0	-1
110	0	-1
111	0	-1
112	0	-1
113	0	-1
114	0	-1
115	0	-1
116	0	-1
117	0	-1
118	0	-1
119	0	-1
120	0	-1
121	0	-1
122	0	-1
123	0	-1
124	0	-1
125	0	-1
126	0	-1
127	0	-1
128	0	-1
129	0	-1
130	0	-1
131	0	-1
132	0	-1
133	0	-0.666666666666667
134	0	-0.333333333333333
135	0	0
136	0.333333333333333	0
137	0.166666666666667	0
138	0.333333333333333	0
139	0.166666666666667	0
140	0	-0.166666666666667
141	0.166666666666667	0
142	0.333333333333333	0
143	0.166666666666667	0
144	0	-0.166666666666667
145	0	-0.5
146	0	-0.666666666666667
147	0	-0.666666666666667
148	0	-1
149	0	-1
150	0	-0.666666666666667
151	0	-0.333333333333333
152	0	0
153	0.166666666666667	0
154	0.333333333333333	0
155	0.333333333333333	0
156	0.5	0
157	0.333333333333333	0
158	0	0
159	0.333333333333333	0
160	0.333333333333333	0
161	0	0
162	0	0
163	0	-0.166666666666667
164	0	0
165	0	0
166	0.333333333333333	0
167	0.666666666666667	0
168	0.666666666666667	0
169	1	0
170	1	0
171	1	0
172	0.666666666666667	0
173	0.333333333333333	0
174	0.333333333333333	0
175	0.333333333333333	0
176	0.333333333333333	0
177	0.666666666666667	0
178	1	0
179	1	0
180	1	0
181	1	0
182	1	0
183	1	0
184	1	0
185	0.666666666666667	0
186	0.333333333333333	0
187	0.166666666666667	0
188	0	0
189	0	-0.333333333333333
190	0	-0.333333333333333
191	0	-0.333333333333333
192	0	-0.666666666666667
193	0	-1
194	0	-1
195	0	-1
196	0	-1
197	0	-1
198	0	-1
199	0	-1
200	0	-1
201	0	-1
202	0	-1
203	0	-1
204	0	-1
205	0	-1
206	0	-1
207	0	-1
208	0	-1
209	0	-1
210	0	-0.666666666666667
211	0	-0.333333333333333
212	0	0
213	0.333333333333333	0
214	0.333333333333333	0
215	0.333333333333333	0
216	0.5	0
217	0.666666666666667	0
218	0.666666666666667	0
219	0.5	0
220	0.333333333333333	0
221	0.666666666666667	0
222	0.666666666666667	0
223	0.833333333333333	0
224	1	0
225	1	0
226	1	0
227	1	0
228	1	0
229	1	0
230	1	0
231	1	0
232	1	0
233	1	0
234	1	0
235	1	0
236	1	0
237	1	0
238	1	0
239	1	0
240	1	0
241	1	0
242	1	0
243	1	0
244	1	0
245	1	0
246	1	0
247	1	0
248	1	0
249	1	0
250	1	0
251	1	0
252	1	0
253	1	0
254	1	0
255	1	0
256	1	0
257	1	0
258	1	0
259	1	0
260	1	0
261	1	0
262	1	0
263	1	0
264	1	0
265	1	0
266	1	0
267	1	0
268	0.833333333333333	0
269	0.666666666666667	0
270	0.5	0
271	0.333333333333333	0
272	0.166666666666667	0
273	0	0
