position	positive	negative
1	0	-0.166666666666667
2	0	-0.333333333333333
3	0	-0.5
4	0	-0.666666666666667
5	0	-0.833333333333333
6	0	-1
7	0	-1
8	0	-1
9	0	-1
10	0	-1
11	0	-1
12	0	-1
13	0	-1
14	0	-1
15	0	-1
16	0	-1
17	0	-1
18	0	-1
19	0	-1
20	0	-1
21	0	-1
22	0	-1
23	0	-1
24	0	-1
25	0	-1
26	0	-1
27	0	-0.666666666666667
28	0	-0.333333333333333
29	0	0
30	0.333333333333333	0
31	0.666666666666667	0
32	1	0
33	0.666666666666667	0
34	0.333333333333333	0
35	0	0
36	0	0
37	0	-0.333333333333333
38	0	-0.666666666666667
39	0	-0.666666666666667
40	0	-0.666666666666667
41	0	-0.666666666666667
42	0	-1
43	0	-1
44	0	-1
45	0	-1
46	0	-1
47	0	-1
48	0	-1
49	0	-1
50	0	-1
51	0	-1
52	0	-1
53	0	-1
54	0	-1
55	0	-1
56	0	-1
57	0	-1
58	0	-1
59	0	-1
60	0	-1
61	0	-1
62	0	-1
63	0	-1
64	0	-1
65	0	-1
66	0	-1
67	0	-1
68	0	-1
69	0	-1
70	0	-1
71	0	-1
72	0	-1
73	0	-1
74	0	-1
75	0	-1
76	0	-1
77	0	-1
78	0	-1
79	0	-1
80	0	-1
81	0	-1
82	0	-1
83	0	-1
84	0	-1
85	0	-1
86	0	-1
87	0	-1
88	0	-0.666666666666667
89	0	-0.666666666666667
90	0	-0.333333333333333
91	0	0
92	0.333333333333333	0
93	0.666666666666667	0
94	0.666666666666667	0
95	0.666666666666667	0
96	0.666666666666667	0
97	0.666666666666667	0
98	0.666666666666667	0
99	0.666666666666667	0
100	1	0
101	1	0
102	1	0
103	1	0
104	1	0
105	1	0
106	1	0
107	1	0
108	1	0
109	1	0
110	1	0
111	0.666666666666667	0
112	0.333333333333333	0
113	0	0
114	0	-0.333333333333333
115	0	-0.666666666666667
116	0	-1
117	0	-0.666666666666667
118	0	-0.333333333333333
119	0	-0.333333333333333
120	0	0
121	0.333333333333333	0
122	0.666666666666667	0
123	1	0
124	1	0
125	1	0
126	1	0
127	1	0
128	1	0
129	0.666666666666667	0
130	0.333333333333333	0
131	0.333333333333333	0
132	0.666666666666667	0
133	0.666666666666667	0
134	0.333333333333333	0
135	0.333333333333333	0
136	0	0
137	0	-0.333333333333333
138	0	-0.666666666666667
139	0	-1
140	0	-1
141	0	-1
142	0	-1
143	0	-0.666666666666667
144	0	-0.333333333333333
145	0	0
146	0	0
147	0.333333333333333	0
148	0.666666666666667	0
149	0.666666666666667	0
150	1	0
151	1	0
152	1	0
153	1	0
154	1	0
155	1	0
156	1	0
157	1	0
158	1	0
159	1	0
160	1	0
161	1	0
162	1	0
163	1	0
164	1	0
165	0.666666666666667	0
166	0.333333333333333	0
167	0.333333333333333	0
168	0.333333333333333	0
169	0.333333333333333	0
170	0.333333333333333	0
171	0.666666666666667	0
172	0.666666666666667	0
173	0.666666666666667	0
174	0.666666666666667	0
175	0.666666666666667	0
176	1	0
177	0.666666666666667	0
178	0.666666666666667	0
179	0.666666666666667	0
180	0.666666666666667	0
181	1	0
182	1	0
183	1	0
184	1	0
185	1	0
186	1	0
187	1	0
188	0.666666666666667	0
189	0.333333333333333	0
190	0.333333333333333	0
191	0.333333333333333	0
192	0.333333333333333	0
193	0.333333333333333	0
194	0.666666666666667	0
195	1	0
196	1	0
197	0.666666666666667	0
198	0.333333333333333	0
199	0.333333333333333	0
200	0.333333333333333	0
201	0.333333333333333	0
202	0.333333333333333	0
203	0.666666666666667	0
204	1	0
205	1	0
206	1	0
207	1	0
208	1	0
209	1	0
210	1	0
211	0.666666666666667	0
212	0.666666666666667	0
213	0.333333333333333	0
214	0	0
215	0	-0.333333333333333
216	0	-0.666666666666667
217	0	-1
218	0	-1
219	0	-1
220	0	-1
221	0	-1
222	0	-1
223	0	-1
224	0	-1
225	0	-1
226	0	-1
227	0	-1
228	0	-1
229	0	-1
230	0	-1
231	0	-1
232	0	-1
233	0	-1
234	0	-1
235	0	-1
236	0	-1
237	0	-1
238	0	-1
239	0	-1
240	0	-1
241	0	-1
242	0	-1
243	0	-1
244	0	-1
245	0	-1
246	0	-1
247	0	-1
248	0	-1
249	0	-1
250	0	-1
251	0	-1
252	0	-1
253	0	-1
254	0	-1
255	0	-1
256	0	-1
257	0	-1
258	0	-1
259	0	-1
260	0	-1
261	0	-1
262	0	-1
263	0	-1
264	0	-1
265	0	-1
266	0	-1
267	0	-1
268	0	-1
269	0	-1
270	0	-1
271	0	-1
272	0	-1
273	0	-1
274	0	-1
275	0	-1
276	0	-1
277	0	-1
278	0	-1
279	0	-0.666666666666667
280	0	-0.333333333333333
281	0	0
282	0.333333333333333	0
283	0.666666666666667	0
284	0.666666666666667	0
285	1	0
286	1	0
287	1	0
288	0.666666666666667	0
289	0.333333333333333	0
290	0	0
291	0	-0.333333333333333
292	0	-0.666666666666667
293	0	-1
294	0	-1
295	0	-1
296	0	-1
297	0	-1
298	0	-1
299	0	-1
300	0	-1
301	0	-1
302	0	-1
303	0	-1
304	0	-1
305	0	-0.666666666666667
306	0	-0.333333333333333
307	0	-0.333333333333333
308	0	0
309	0.333333333333333	0
310	0.666666666666667	0
311	0.333333333333333	0
312	0.333333333333333	0
313	0.333333333333333	0
314	0	0
315	0	-0.333333333333333
316	0	-0.333333333333333
317	0	-0.666666666666667
318	0	-0.666666666666667
319	0	-1
320	0	-1
321	0	-1
322	0	-0.666666666666667
323	0	-0.333333333333333
324	0	0
325	0.333333333333333	0
326	0.333333333333333	0
327	0.666666666666667	0
328	0.666666666666667	0
329	0.333333333333333	0
330	0	0
331	0	-0.333333333333333
332	0	-0.666666666666667
333	0	-0.666666666666667
334	0	-1
335	0	-1
336	0	-1
337	0	-1
338	0	-1
339	0	-1
340	0	-1
341	0	-1
342	0	-1
343	0	-1
344	0	-1
345	0	-1
346	0	-1
347	0	-1
348	0	-1
349	0	-1
350	0	-0.666666666666667
351	0	-0.333333333333333
352	0	0
353	0.333333333333333	0
354	0.666666666666667	0
355	1	0
356	1	0
357	0.666666666666667	0
358	0.333333333333333	0
359	0.333333333333333	0
360	0.333333333333333	0
361	0.333333333333333	0
362	0.333333333333333	0
363	0.666666666666667	0
364	0.333333333333333	0
365	0.666666666666667	0
366	1	0
367	0.666666666666667	0
368	0.333333333333333	0
369	0	0
370	0	0
371	0	0
372	0	0
373	0.333333333333333	0
374	0.666666666666667	0
375	1	0
376	1	0
377	0.666666666666667	0
378	0.333333333333333	0
379	0.333333333333333	0
380	0.333333333333333	0
381	0.333333333333333	0
382	0.333333333333333	0
383	0.666666666666667	0
384	1	0
385	1	0
386	0.666666666666667	0
387	0.333333333333333	0
388	0	0
389	0	-0.333333333333333
390	0	-0.333333333333333
391	0	-0.666666666666667
392	0	-1
393	0	-1
394	0	-1
395	0	-1
396	0	-1
397	0	-1
398	0	-1
399	0	-1
400	0	-1
401	0	-1
402	0	-1
403	0	-1
404	0	-1
405	0	-1
406	0	-1
407	0	-1
408	0	-1
409	0	-1
410	0	-1
411	0	-1
412	0	-1
413	0	-1
414	0	-1
415	0	-1
416	0	-1
417	0	-1
418	0	-1
419	0	-1
420	0	-1
421	0	-1
422	0	-1
423	0	-1
424	0	-1
425	0	-1
426	0	-1
427	0	-1
428	0	-1
429	0	-1
430	0	-1
431	0	-1
432	0	-1
433	0	-1
434	0	-1
435	0	-1
436	0	-1
437	0	-1
438	0	-1
439	0	-1
440	0	-1
441	0	-1
442	0	-1
443	0	-1
444	0	-1
445	0	-1
446	0	-1
447	0	-1
448	0	-1
449	0	-1
450	0	-1
451	0	-1
452	0	-1
453	0	-1
454	0	-1
455	0	-1
456	0	-1
457	0	-1
458	0	-1
459	0	-1
460	0	-1
461	0	-1
462	0	-1
463	0	-1
464	0	-1
465	0	-1
466	0	-1
467	0	-1
468	0	-1
469	0	-1
470	0	-1
471	0	-1
472	0	-1
473	0	-1
474	0	-1
475	0	-1
476	0	-1
477	0	-1
478	0	-1
479	0	-1
480	0	-1
481	0	-1
482	0	-1
483	0	-1
484	0	-1
485	0	-1
486	0	-1
487	0	-1
488	0	-1
489	0	-1
490	0	-1
491	0	-1
492	0	-1
493	0	-0.833333333333333
494	0	-0.666666666666667
495	0	-0.5
496	0	-0.333333333333333
497	0	-0.166666666666667
498	0	0
