position	positive	negative
1	0	-0.166666666666667
2	0	-0.333333333333333
3	0	-0.5
4	0	-0.666666666666667
5	0	-0.833333333333333
6	0	-1
7	0	-1
8	0	-1
9	0	-1
10	0	-1
11	0	-1
12	0	-1
13	0	-1
14	0	-1
15	0	-1
16	0	-1
17	0	-1
18	0	-1
19	0	-1
20	0	-1
21	0	-1
22	0	-1
23	0	-1
24	0	-1
25	0	-1
26	0	-1
27	0	-1
28	0	-1
29	0	-1
30	0	-1
31	0	-1
32	0	-1
33	0	-1
34	0	-1
35	0	-1
36	0	-1
37	0	-1
38	0	-1
39	0	-1
40	0	-1
41	0	-1
42	0	-1
43	0	-1
44	0	-1
45	0	-1
46	0	-1
47	0	-1
48	0	-1
49	0	-1
50	0	-1
51	0	-1
52	0	-1
53	0	-1
54	0	-1
55	0	-1
56	0	-1
57	0	-1
58	0	-1
59	0	-1
60	0	-1
61	0	-1
62	0	-1
63	0	-1
64	0	-1
65	0	-1
66	0	-1
67	0	-1
68	0	-1
69	0	-1
70	0	-1
71	0	-1
72	0	-1
73	0	-1
74	0	-1
75	0	-1
76	0	-1
77	0	-1
78	0	-1
79	0	-1
80	0	-1
81	0	-1
82	0	-1
83	0	-1
84	0	-1
85	0	-1
86	0	-1
87	0	-1
88	0	-1
89	0	-1
90	0	-1
91	0	-1
92	0	-1
93	0	-1
94	0	-1
95	0	-1
96	0	-1
97	0	-1
98	0	-1
99	0	-1
100	0	-1
101	0	-1
102	0	-1
103	0	-1
104	0	-1
105	0	-1
106	0	-1
107	0	-1
108	0	-1
109	0	-1
110	0	-0.833333333333333
111	0	-0.666666666666667
112	0	-0.666666666666667
113	0	-1
114	0	-0.666666666666667
115	0	-0.5
116	0	-0.166666666666667
117	0	0
118	0.166666666666667	0
119	0	0
120	0	0
121	0	-0.333333333333333
122	0	-0.666666666666667
123	0	-0.666666666666667
124	0	-1
125	0	-1
126	0	-1
127	0	-1
128	0	-1
129	0	-1
130	0	-0.666666666666667
131	0	-0.333333333333333
132	0	0
133	0.333333333333333	0
134	0.333333333333333	0
135	0.166666666666667	0
136	0	0
137	0	-0.166666666666667
138	0	0
139	0.333333333333333	0
140	0.333333333333333	0
141	0.333333333333333	0
142	0.666666666666667	0
143	1	0
144	1	0
145	1	0
146	1	0
147	1	0
148	0.666666666666667	0
149	0.333333333333333	0
150	0	0
151	0	-0.333333333333333
152	0	-0.666666666666667
153	0	-1
154	0	-1
155	0	-1
156	0	-1
157	0	-1
158	0	-1
159	0	-1
160	0	-1
161	0	-1
162	0	-1
163	0	-1
164	0	-1
165	0	-1
166	0	-1
167	0	-1
168	0	-1
169	0	-1
170	0	-1
171	0	-1
172	0	-1
173	0	-1
174	0	-1
175	0	-1
176	0	-1
177	0	-1
178	0	-1
179	0	-1
180	0	-1
181	0	-1
182	0	-1
183	0	-1
184	0	-1
185	0	-1
186	0	-1
187	0	-1
188	0	-1
189	0	-1
190	0	-1
191	0	-1
192	0	-1
193	0	-1
194	0	-1
195	0	-1
196	0	-1
197	0	-1
198	0	-1
199	0	-1
200	0	-1
201	0	-1
202	0	-1
203	0	-1
204	0	-1
205	0	-1
206	0	-1
207	0	-1
208	0	-1
209	0	-1
210	0	-1
211	0	-1
212	0	-1
213	0	-1
214	0	-1
215	0	-1
216	0	-1
217	0	-1
218	0	-1
219	0	-1
220	0	-1
221	0	-1
222	0	-1
223	0	-1
224	0	-0.666666666666667
225	0	-0.333333333333333
226	0	0
227	0.333333333333333	0
228	0.666666666666667	0
229	1	0
230	1	0
231	1	0
232	1	0
233	1	0
234	1	0
235	1	0
236	1	0
237	1	0
238	1	0
239	1	0
240	1	0
241	1	0
242	1	0
243	1	0
244	1	0
245	1	0
246	1	0
247	1	0
248	1	0
249	1	0
250	1	0
251	1	0
252	0.666666666666667	0
253	0.666666666666667	0
254	0.666666666666667	0
255	0.666666666666667	0
256	0.666666666666667	0
257	1	0
258	1	0
259	1	0
260	1	0
261	1	0
262	1	0
263	1	0
264	1	0
265	1	0
266	1	0
267	1	0
268	1	0
269	1	0
270	1	0
271	1	0
272	1	0
273	1	0
274	1	0
275	1	0
276	0.833333333333333	0
277	0.5	0
278	0.333333333333333	0
279	0	0
280	0	-0.333333333333333
281	0	-0.666666666666667
282	0	-0.833333333333333
283	0	-1
284	0	-1
285	0	-1
286	0	-1
287	0	-1
288	0	-1
289	0	-1
290	0	-1
291	0	-1
292	0	-1
293	0	-1
294	0	-1
295	0	-1
296	0	-1
297	0	-1
298	0	-0.666666666666667
299	0	-0.666666666666667
300	0	-0.333333333333333
301	0	-0.166666666666667
302	0	0
303	0.333333333333333	0
304	0.666666666666667	0
305	1	0
306	1	0
307	1	0
308	1	0
309	1	0
310	1	0
311	1	0
312	1	0
313	1	0
314	1	0
315	1	0
316	1	0
317	1	0
318	1	0
319	1	0
320	1	0
321	1	0
322	1	0
323	1	0
324	1	0
325	1	0
326	1	0
327	0.833333333333333	0
328	0.666666666666667	0
329	0.666666666666667	0
330	0.666666666666667	0
331	0.666666666666667	0
332	0.666666666666667	0
333	0.666666666666667	0
334	1	0
335	1	0
336	1	0
337	1	0
338	1	0
339	1	0
340	1	0
341	1	0
342	1	0
343	1	0
344	1	0
345	1	0
346	1	0
347	1	0
348	0.666666666666667	0
349	0.333333333333333	0
350	0	0
351	0	-0.333333333333333
352	0	-0.666666666666667
353	0	-0.833333333333333
354	0	-1
355	0	-1
356	0	-1
357	0	-1
358	0	-1
359	0	-1
360	0	-1
361	0	-1
362	0	-1
363	0	-1
364	0	-1
365	0	-1
366	0	-1
367	0	-1
368	0	-1
369	0	-1
370	0	-1
371	0	-1
372	0	-1
373	0	-1
374	0	-0.666666666666667
375	0	-0.666666666666667
376	0	-0.5
377	0	-0.666666666666667
378	0	-0.666666666666667
379	0	-0.333333333333333
380	0	0
381	0	0
382	0.166666666666667	0
383	0	0
384	0	0
385	0	0
386	0	0
387	0.333333333333333	0
388	0.333333333333333	0
389	0.666666666666667	0
390	0.833333333333333	0
391	1	0
392	1	0
393	1	0
394	1	0
395	1	0
396	1	0
397	1	0
398	1	0
399	0.666666666666667	0
400	0.5	0
401	0.333333333333333	0
402	0.333333333333333	0
403	0	0
404	0	-0.333333333333333
405	0	-0.666666666666667
406	0	-1
407	0	-1
408	0	-1
409	0	-1
410	0	-1
411	0	-1
412	0	-1
413	0	-1
414	0	-1
415	0	-0.666666666666667
416	0	-0.333333333333333
417	0	0
418	0.166666666666667	0
419	0.333333333333333	0
420	0.666666666666667	0
421	1	0
422	1	0
423	0.666666666666667	0
424	0.666666666666667	0
425	0.666666666666667	0
426	0.333333333333333	0
427	0.5	0
428	0.666666666666667	0
429	0.666666666666667	0
430	0.666666666666667	0
431	0.666666666666667	0
432	1	0
433	1	0
434	1	0
435	1	0
436	1	0
437	1	0
438	1	0
439	1	0
440	1	0
441	1	0
442	1	0
443	1	0
444	1	0
445	1	0
446	1	0
447	1	0
448	1	0
449	1	0
450	1	0
451	1	0
452	1	0
453	1	0
454	1	0
455	1	0
456	1	0
457	0.666666666666667	0
458	0.333333333333333	0
459	0	0
460	0	-0.333333333333333
461	0	-0.666666666666667
462	0	-1
463	0	-1
464	0	-0.666666666666667
465	0	-0.666666666666667
466	0	-0.333333333333333
467	0	-0.333333333333333
468	0	0
469	0.333333333333333	0
470	0.333333333333333	0
471	0.666666666666667	0
472	0.666666666666667	0
473	0.666666666666667	0
474	1	0
475	1	0
476	1	0
477	0.833333333333333	0
478	1	0
479	1	0
480	1	0
481	1	0
482	1	0
483	1	0
484	1	0
485	1	0
486	1	0
487	1	0
488	1	0
489	0.666666666666667	0
490	0.333333333333333	0
491	0	0
492	0	-0.166666666666667
493	0	-0.166666666666667
494	0	-0.333333333333333
495	0	-0.166666666666667
496	0	0
497	0.166666666666667	0
498	0.333333333333333	0
499	0.666666666666667	0
500	0.666666666666667	0
501	0.333333333333333	0
502	0	0
503	0	0
504	0	-0.166666666666667
505	0	0
506	0.333333333333333	0
507	0.666666666666667	0
508	1	0
509	0.666666666666667	0
510	1	0
511	1	0
512	0.666666666666667	0
513	0.666666666666667	0
514	0.666666666666667	0
515	0.666666666666667	0
516	0.666666666666667	0
517	0.666666666666667	0
518	1	0
519	1	0
520	1	0
521	1	0
522	1	0
523	0.666666666666667	0
524	0.333333333333333	0
525	0	0
526	0	-0.333333333333333
527	0	-0.666666666666667
528	0	-0.666666666666667
529	0	-0.333333333333333
530	0	0
531	0.166666666666667	0
532	0.333333333333333	0
533	0	0
534	0	0
535	0	0
536	0	0
537	0.333333333333333	0
538	0.333333333333333	0
539	0.666666666666667	0
540	0.833333333333333	0
541	0.833333333333333	0
542	1	0
543	1	0
544	1	0
545	1	0
546	1	0
547	1	0
548	1	0
549	1	0
550	1	0
551	1	0
552	1	0
553	0.666666666666667	0
554	0.333333333333333	0
555	0	0
556	0	-0.333333333333333
557	0	-0.666666666666667
558	0	-1
559	0	-1
560	0	-1
561	0	-1
562	0	-1
563	0	-1
564	0	-1
565	0	-1
566	0	-1
567	0	-1
568	0	-0.666666666666667
569	0	-0.666666666666667
570	0	-0.333333333333333
571	0	0
572	0.333333333333333	0
573	0.666666666666667	0
574	1	0
575	1	0
576	1	0
577	1	0
578	1	0
579	1	0
580	1	0
581	1	0
582	1	0
583	1	0
584	1	0
585	1	0
586	1	0
587	0.666666666666667	0
588	0.666666666666667	0
589	1	0
590	1	0
591	1	0
592	1	0
593	1	0
594	1	0
595	1	0
596	1	0
597	0.666666666666667	0
598	0.333333333333333	0
599	0.333333333333333	0
600	0	0
601	0	-0.333333333333333
602	0	-0.666666666666667
603	0	-1
604	0	-1
605	0	-1
606	0	-1
607	0	-1
608	0	-1
609	0	-1
610	0	-1
611	0	-1
612	0	-1
613	0	-1
614	0	-1
615	0	-1
616	0	-1
617	0	-1
618	0	-1
619	0	-1
620	0	-1
621	0	-1
622	0	-1
623	0	-1
624	0	-1
625	0	-1
626	0	-1
627	0	-1
628	0	-1
629	0	-1
630	0	-1
631	0	-1
632	0	-1
633	0	-1
634	0	-1
635	0	-1
636	0	-1
637	0	-1
638	0	-1
639	0	-1
640	0	-1
641	0	-1
642	0	-1
643	0	-1
644	0	-1
645	0	-1
646	0	-1
647	0	-1
648	0	-1
649	0	-1
650	0	-1
651	0	-1
652	0	-1
653	0	-1
654	0	-1
655	0	-1
656	0	-1
657	0	-1
658	0	-1
659	0	-1
660	0	-1
661	0	-1
662	0	-1
663	0	-1
664	0	-1
665	0	-1
666	0	-1
667	0	-1
668	0	-1
669	0	-0.666666666666667
670	0	-0.666666666666667
671	0	-0.666666666666667
672	0	-0.333333333333333
673	0	0
674	0.333333333333333	0
675	0.666666666666667	0
676	0.666666666666667	0
677	1	0
678	1	0
679	1	0
680	0.833333333333333	0
681	0.666666666666667	0
682	0.333333333333333	0
683	0	0
684	0	-0.333333333333333
685	0	-0.666666666666667
686	0	-1
687	0	-1
688	0	-1
689	0	-1
690	0	-1
691	0	-1
692	0	-1
693	0	-1
694	0	-1
695	0	-1
696	0	-1
697	0	-1
698	0	-1
699	0	-1
700	0	-1
701	0	-1
702	0	-1
703	0	-1
704	0	-1
705	0	-1
706	0	-1
707	0	-1
708	0	-1
709	0	-1
710	0	-1
711	0	-1
712	0	-1
713	0	-1
714	0	-1
715	0	-1
716	0	-1
717	0	-1
718	0	-1
719	0	-1
720	0	-1
721	0	-1
722	0	-1
723	0	-1
724	0	-1
725	0	-1
726	0	-1
727	0	-1
728	0	-1
729	0	-1
730	0	-1
731	0	-1
732	0	-1
733	0	-1
734	0	-1
735	0	-1
736	0	-1
737	0	-1
738	0	-1
739	0	-1
740	0	-1
741	0	-1
742	0	-1
743	0	-1
744	0	-1
745	0	-1
746	0	-1
747	0	-1
748	0	-1
749	0	-1
750	0	-1
751	0	-1
752	0	-1
753	0	-1
754	0	-1
755	0	-1
756	0	-1
757	0	-1
758	0	-1
759	0	-1
760	0	-1
761	0	-1
762	0	-1
763	0	-1
764	0	-1
765	0	-1
766	0	-1
767	0	-1
768	0	-1
769	0	-1
770	0	-1
771	0	-1
772	0	-1
773	0	-1
774	0	-1
775	0	-1
776	0	-1
777	0	-1
778	0	-1
779	0	-1
780	0	-1
781	0	-1
782	0	-1
783	0	-1
784	0	-1
785	0	-1
786	0	-1
787	0	-1
788	0	-1
789	0	-1
790	0	-1
791	0	-1
792	0	-1
793	0	-1
794	0	-1
795	0	-1
796	0	-1
797	0	-1
798	0	-1
799	0	-1
800	0	-1
801	0	-1
802	0	-1
803	0	-1
804	0	-1
805	0	-1
806	0	-1
807	0	-1
808	0	-1
809	0	-1
810	0	-1
811	0	-1
812	0	-1
813	0	-1
814	0	-1
815	0	-1
816	0	-1
817	0	-1
818	0	-1
819	0	-1
820	0	-1
821	0	-1
822	0	-1
823	0	-1
824	0	-1
825	0	-1
826	0	-1
827	0	-1
828	0	-1
829	0	-1
830	0	-1
831	0	-1
832	0	-1
833	0	-1
834	0	-1
835	0	-1
836	0	-1
837	0	-1
838	0	-1
839	0	-1
840	0	-1
841	0	-1
842	0	-1
843	0	-1
844	0	-1
845	0	-1
846	0	-1
847	0	-1
848	0	-1
849	0	-1
850	0	-1
851	0	-1
852	0	-1
853	0	-1
854	0	-1
855	0	-1
856	0	-1
857	0	-1
858	0	-1
859	0	-1
860	0	-1
861	0	-1
862	0	-1
863	0	-1
864	0	-1
865	0	-1
866	0	-1
867	0	-1
868	0	-1
869	0	-1
870	0	-1
871	0	-1
872	0	-1
873	0	-1
874	0	-1
875	0	-1
876	0	-1
877	0	-1
878	0	-1
879	0	-1
880	0	-1
881	0	-1
882	0	-1
883	0	-1
884	0	-1
885	0	-1
886	0	-1
887	0	-1
888	0	-1
889	0	-1
890	0	-1
891	0	-1
892	0	-1
893	0	-1
894	0	-1
895	0	-1
896	0	-1
897	0	-1
898	0	-1
899	0	-1
900	0	-1
901	0	-1
902	0	-1
903	0	-1
904	0	-1
905	0	-1
906	0	-1
907	0	-1
908	0	-1
909	0	-1
910	0	-1
911	0	-1
912	0	-1
913	0	-1
914	0	-1
915	0	-1
916	0	-1
917	0	-1
918	0	-1
919	0	-1
920	0	-1
921	0	-1
922	0	-1
923	0	-1
924	0	-1
925	0	-1
926	0	-1
927	0	-1
928	0	-1
929	0	-1
930	0	-1
931	0	-1
932	0	-1
933	0	-1
934	0	-1
935	0	-1
936	0	-1
937	0	-1
938	0	-1
939	0	-1
940	0	-1
941	0	-1
942	0	-1
943	0	-1
944	0	-1
945	0	-1
946	0	-1
947	0	-1
948	0	-1
949	0	-1
950	0	-1
951	0	-1
952	0	-1
953	0	-1
954	0	-1
955	0	-1
956	0	-1
957	0	-1
958	0	-1
959	0	-1
960	0	-1
961	0	-1
962	0	-1
963	0	-1
964	0	-1
965	0	-1
966	0	-1
967	0	-1
968	0	-1
969	0	-1
970	0	-1
971	0	-1
972	0	-1
973	0	-1
974	0	-1
975	0	-1
976	0	-1
977	0	-1
978	0	-1
979	0	-1
980	0	-1
981	0	-1
982	0	-1
983	0	-1
984	0	-1
985	0	-1
986	0	-1
987	0	-1
988	0	-1
989	0	-1
990	0	-1
991	0	-1
992	0	-1
993	0	-1
994	0	-1
995	0	-1
996	0	-1
997	0	-1
998	0	-1
999	0	-1
1000	0	-1
1001	0	-1
1002	0	-1
1003	0	-1
1004	0	-1
1005	0	-1
1006	0	-1
1007	0	-1
1008	0	-1
1009	0	-1
1010	0	-1
1011	0	-1
1012	0	-1
1013	0	-1
1014	0	-1
1015	0	-1
1016	0	-1
1017	0	-1
1018	0	-1
1019	0	-1
1020	0	-1
1021	0	-1
1022	0	-1
1023	0	-1
1024	0	-1
1025	0	-1
1026	0	-1
1027	0	-1
1028	0	-1
1029	0	-1
1030	0	-1
1031	0	-1
1032	0	-1
1033	0	-1
1034	0	-1
1035	0	-1
1036	0	-1
1037	0	-1
1038	0	-1
1039	0	-1
1040	0	-1
1041	0	-1
1042	0	-1
1043	0	-1
1044	0	-1
1045	0	-1
1046	0	-1
1047	0	-1
1048	0	-1
1049	0	-1
1050	0	-1
1051	0	-1
1052	0	-1
1053	0	-1
1054	0	-1
1055	0	-1
1056	0	-1
1057	0	-1
1058	0	-1
1059	0	-1
1060	0	-1
1061	0	-1
1062	0	-1
1063	0	-1
1064	0	-1
1065	0	-1
1066	0	-1
1067	0	-1
1068	0	-1
1069	0	-1
1070	0	-1
1071	0	-1
1072	0	-1
1073	0	-1
1074	0	-1
1075	0	-1
1076	0	-1
1077	0	-1
1078	0	-1
1079	0	-1
1080	0	-1
1081	0	-1
1082	0	-1
1083	0	-1
1084	0	-1
1085	0	-1
1086	0	-1
1087	0	-1
1088	0	-1
1089	0	-1
1090	0	-1
1091	0	-1
1092	0	-1
1093	0	-1
1094	0	-1
1095	0	-1
1096	0	-1
1097	0	-1
1098	0	-1
1099	0	-1
1100	0	-1
1101	0	-1
1102	0	-1
1103	0	-1
1104	0	-1
1105	0	-1
1106	0	-1
1107	0	-1
1108	0	-1
1109	0	-1
1110	0	-1
1111	0	-1
1112	0	-1
1113	0	-1
1114	0	-1
1115	0	-1
1116	0	-1
1117	0	-1
1118	0	-1
1119	0	-1
1120	0	-1
1121	0	-1
1122	0	-1
1123	0	-1
1124	0	-1
1125	0	-1
1126	0	-1
1127	0	-1
1128	0	-1
1129	0	-1
1130	0	-1
1131	0	-1
1132	0	-1
1133	0	-1
1134	0	-1
1135	0	-1
1136	0	-1
1137	0	-1
1138	0	-1
1139	0	-1
1140	0	-1
1141	0	-1
1142	0	-1
1143	0	-1
1144	0	-1
1145	0	-1
1146	0	-1
1147	0	-1
1148	0	-1
1149	0	-1
1150	0	-1
1151	0	-1
1152	0	-1
1153	0	-1
1154	0	-1
1155	0	-1
1156	0	-1
1157	0	-1
1158	0	-1
1159	0	-1
1160	0	-1
1161	0	-1
1162	0	-1
1163	0	-1
1164	0	-1
1165	0	-1
1166	0	-1
1167	0	-1
1168	0	-1
1169	0	-1
1170	0	-1
1171	0	-1
1172	0	-1
1173	0	-1
1174	0	-1
1175	0	-1
1176	0	-1
1177	0	-1
1178	0	-1
1179	0	-1
1180	0	-1
1181	0	-1
1182	0	-1
1183	0	-1
1184	0	-1
1185	0	-1
1186	0	-1
1187	0	-1
1188	0	-1
1189	0	-1
1190	0	-1
1191	0	-1
1192	0	-1
1193	0	-1
1194	0	-1
1195	0	-1
1196	0	-1
1197	0	-1
1198	0	-1
1199	0	-1
1200	0	-1
1201	0	-1
1202	0	-1
1203	0	-1
1204	0	-1
1205	0	-1
1206	0	-1
1207	0	-1
1208	0	-1
1209	0	-1
1210	0	-1
1211	0	-1
1212	0	-1
1213	0	-1
1214	0	-1
1215	0	-1
1216	0	-1
1217	0	-1
1218	0	-1
1219	0	-1
1220	0	-1
1221	0	-1
1222	0	-1
1223	0	-1
1224	0	-1
1225	0	-0.833333333333333
1226	0	-0.666666666666667
1227	0	-0.5
1228	0	-0.333333333333333
1229	0	-0.166666666666667
1230	0	0
