position	positive	negative
1	0	-0.166666666666667
2	0	-0.333333333333333
3	0	-0.5
4	0	-0.666666666666667
5	0	-0.833333333333333
6	0	-1
7	0	-1
8	0	-1
9	0	-1
10	0	-1
11	0	-1
12	0	-1
13	0	-1
14	0	-1
15	0	-1
16	0	-1
17	0	-1
18	0	-1
19	0	-1
20	0	-1
21	0	-1
22	0	-1
23	0	-1
24	0	-1
25	0	-1
26	0	-1
27	0	-1
28	0	-1
29	0	-1
30	0	-1
31	0	-1
32	0	-1
33	0	-1
34	0	-1
35	0	-1
36	0	-1
37	0	-1
38	0	-1
39	0	-1
40	0	-1
41	0	-1
42	0	-1
43	0	-1
44	0	-1
45	0	-1
46	0	-1
47	0	-1
48	0	-1
49	0	-1
50	0	-1
51	0	-1
52	0	-1
53	0	-1
54	0	-1
55	0	-1
56	0	-1
57	0	-1
58	0	-1
59	0	-1
60	0	-1
61	0	-1
62	0	-1
63	0	-1
64	0	-1
65	0	-1
66	0	-1
67	0	-1
68	0	-1
69	0	-1
70	0	-1
71	0	-1
72	0	-1
73	0	-1
74	0	-1
75	0	-1
76	0	-1
77	0	-1
78	0	-1
79	0	-1
80	0	-1
81	0	-1
82	0	-1
83	0	-1
84	0	-1
85	0	-1
86	0	-1
87	0	-1
88	0	-1
89	0	-1
90	0	-1
91	0	-1
92	0	-1
93	0	-1
94	0	-1
95	0	-1
96	0	-1
97	0	-1
98	0	-1
99	0	-1
100	0	-1
101	0	-1
102	0	-1
103	0	-1
104	0	-1
105	0	-1
106	0	-1
107	0	-1
108	0	-1
109	0	-1
110	0	-1
111	0	-1
112	0	-1
113	0	-1
114	0	-1
115	0	-1
116	0	-1
117	0	-1
118	0	-1
119	0	-1
120	0	-0.666666666666667
121	0	-0.5
122	0	-0.5
123	0	-0.5
124	0	-0.166666666666667
125	0	-0.333333333333333
126	0	-0.333333333333333
127	0	-0.166666666666667
128	0	0
129	0	-0.333333333333333
130	0	0
131	0.166666666666667	0
132	0.333333333333333	0
133	0.166666666666667	0
134	0.166666666666667	0
135	0.5	0
136	0.333333333333333	0
137	0.666666666666667	0
138	0.666666666666667	0
139	1	0
140	1	0
141	1	0
142	1	0
143	1	0
144	1	0
145	1	0
146	1	0
147	1	0
148	1	0
149	1	0
150	1	0
151	1	0
152	1	0
153	1	0
154	1	0
155	1	0
156	1	0
157	1	0
158	1	0
159	1	0
160	1	0
161	1	0
162	1	0
163	1	0
164	1	0
165	1	0
166	1	0
167	1	0
168	1	0
169	1	0
170	1	0
171	1	0
172	1	0
173	1	0
174	1	0
175	1	0
176	1	0
177	1	0
178	1	0
179	1	0
180	1	0
181	0.666666666666667	0
182	0.333333333333333	0
183	0	0
184	0	-0.333333333333333
185	0	-0.666666666666667
186	0	-0.666666666666667
187	0	-0.333333333333333
188	0	0
189	0.333333333333333	0
190	0.666666666666667	0
191	1	0
192	1	0
193	1	0
194	1	0
195	1	0
196	1	0
197	1	0
198	1	0
199	1	0
200	1	0
201	1	0
202	1	0
203	1	0
204	1	0
205	1	0
206	1	0
207	1	0
208	1	0
209	1	0
210	1	0
211	1	0
212	1	0
213	1	0
214	1	0
215	1	0
216	1	0
217	1	0
218	1	0
219	1	0
220	1	0
221	1	0
222	1	0
223	1	0
224	1	0
225	1	0
226	1	0
227	1	0
228	1	0
229	1	0
230	1	0
231	1	0
232	1	0
233	1	0
234	1	0
235	1	0
236	1	0
237	1	0
238	1	0
239	1	0
240	1	0
241	1	0
242	1	0
243	0.666666666666667	0
244	0.666666666666667	0
245	0.666666666666667	0
246	0.666666666666667	0
247	0.666666666666667	0
248	0.666666666666667	0
249	1	0
250	1	0
251	1	0
252	1	0
253	1	0
254	1	0
255	1	0
256	1	0
257	1	0
258	1	0
259	1	0
260	1	0
261	1	0
262	0.666666666666667	0
263	0.666666666666667	0
264	0.666666666666667	0
265	0.833333333333333	0
266	0.833333333333333	0
267	0.666666666666667	0
268	1	0
269	0.833333333333333	0
270	0.666666666666667	0
271	0.666666666666667	0
272	0.666666666666667	0
273	0.666666666666667	0
274	0.666666666666667	0
275	0.666666666666667	0
276	1	0
277	1	0
278	1	0
279	1	0
280	1	0
281	1	0
282	1	0
283	1	0
284	1	0
285	1	0
286	1	0
287	0.833333333333333	0
288	1	0
289	1	0
290	1	0
291	0.666666666666667	0
292	0.333333333333333	0
293	0.333333333333333	0
294	0	0
295	0.333333333333333	0
296	0.333333333333333	0
297	0.666666666666667	0
298	1	0
299	0.666666666666667	0
300	0.333333333333333	0
301	0.166666666666667	0
302	0	0
303	0	-0.166666666666667
304	0	-0.333333333333333
305	0	-0.5
306	0	-0.333333333333333
307	0	0
308	0.333333333333333	0
309	0.666666666666667	0
310	1	0
311	1	0
312	1	0
313	1	0
314	1	0
315	1	0
316	1	0
317	1	0
318	1	0
319	1	0
320	1	0
321	1	0
322	1	0
323	1	0
324	1	0
325	1	0
326	1	0
327	1	0
328	1	0
329	1	0
330	1	0
331	1	0
332	1	0
333	1	0
334	1	0
335	1	0
336	1	0
337	1	0
338	1	0
339	1	0
340	0.666666666666667	0
341	0.333333333333333	0
342	0	0
343	0	0
344	0	-0.166666666666667
345	0	-0.333333333333333
346	0	-0.666666666666667
347	0	-0.666666666666667
348	0	-0.833333333333333
349	0	-0.666666666666667
350	0	-1
351	0	-1
352	0	-1
353	0	-1
354	0	-1
355	0	-1
356	0	-1
357	0	-1
358	0	-1
359	0	-0.666666666666667
360	0	-0.333333333333333
361	0	0
362	0	0
363	0.333333333333333	0
364	0.333333333333333	0
365	0.5	0
366	0.333333333333333	0
367	0.333333333333333	0
368	0.666666666666667	0
369	0.333333333333333	0
370	0.166666666666667	0
371	0	0
372	0	-0.333333333333333
373	0	-0.666666666666667
374	0	-0.666666666666667
375	0	-0.666666666666667
376	0	-0.833333333333333
377	0	-1
378	0	-1
379	0	-1
380	0	-1
381	0	-1
382	0	-1
383	0	-1
384	0	-1
385	0	-1
386	0	-1
387	0	-1
388	0	-1
389	0	-1
390	0	-1
391	0	-1
392	0	-1
393	0	-1
394	0	-1
395	0	-1
396	0	-1
397	0	-1
398	0	-1
399	0	-1
400	0	-1
401	0	-1
402	0	-1
403	0	-1
404	0	-1
405	0	-1
406	0	-1
407	0	-1
408	0	-1
409	0	-1
410	0	-1
411	0	-1
412	0	-1
413	0	-1
414	0	-1
415	0	-1
416	0	-1
417	0	-1
418	0	-1
419	0	-1
420	0	-1
421	0	-1
422	0	-1
423	0	-1
424	0	-1
425	0	-1
426	0	-1
427	0	-0.833333333333333
428	0	-0.666666666666667
429	0	-0.5
430	0	-0.333333333333333
431	0	-0.166666666666667
432	0	0
