position	positive	negative
1	0	-0.166666666666667
2	0	-0.333333333333333
3	0	-0.5
4	0	-0.666666666666667
5	0	-0.833333333333333
6	0	-1
7	0	-1
8	0	-1
9	0	-1
10	0	-1
11	0	-1
12	0	-1
13	0	-1
14	0	-1
15	0	-1
16	0	-1
17	0	-1
18	0	-1
19	0	-1
20	0	-1
21	0	-1
22	0	-1
23	0	-1
24	0	-1
25	0	-1
26	0	-1
27	0	-1
28	0	-1
29	0	-1
30	0	-1
31	0	-1
32	0	-1
33	0	-1
34	0	-1
35	0	-1
36	0	-1
37	0	-1
38	0	-1
39	0	-1
40	0	-1
41	0	-1
42	0	-1
43	0	-1
44	0	-1
45	0	-1
46	0	-1
47	0	-1
48	0	-1
49	0	-1
50	0	-1
51	0	-1
52	0	-1
53	0	-1
54	0	-1
55	0	-1
56	0	-1
57	0	-1
58	0	-1
59	0	-1
60	0	-1
61	0	-1
62	0	-1
63	0	-1
64	0	-1
65	0	-1
66	0	-1
67	0	-1
68	0	-1
69	0	-1
70	0	-1
71	0	-1
72	0	-1
73	0	-1
74	0	-1
75	0	-1
76	0	-1
77	0	-1
78	0	-1
79	0	-1
80	0	-1
81	0	-1
82	0	-1
83	0	-1
84	0	-1
85	0	-1
86	0	-1
87	0	-1
88	0	-1
89	0	-1
90	0	-1
91	0	-1
92	0	-1
93	0	-1
94	0	-1
95	0	-1
96	0	-1
97	0	-1
98	0	-0.666666666666667
99	0	-0.666666666666667
100	0	-0.5
101	0	-0.333333333333333
102	0	0
103	0	-0.333333333333333
104	0	-0.333333333333333
105	0	-0.666666666666667
106	0	-1
107	0	-1
108	0	-1
109	0	-1
110	0	-1
111	0	-1
112	0	-1
113	0	-1
114	0	-1
115	0	-1
116	0	-1
117	0	-1
118	0	-1
119	0	-1
120	0	-1
121	0	-1
122	0	-1
123	0	-1
124	0	-1
125	0	-1
126	0	-1
127	0	-1
128	0	-1
129	0	-1
130	0	-1
131	0	-1
132	0	-1
133	0	-1
134	0	-1
135	0	-1
136	0	-1
137	0	-1
138	0	-1
139	0	-1
140	0	-1
141	0	-1
142	0	-1
143	0	-1
144	0	-0.666666666666667
145	0	-0.333333333333333
146	0	-0.166666666666667
147	0	-0.166666666666667
148	0	0
149	0.166666666666667	0
150	0.166666666666667	0
151	0.333333333333333	0
152	0.166666666666667	0
153	0.166666666666667	0
154	0	0
155	0	-0.333333333333333
156	0	-0.166666666666667
157	0	0
158	0	-0.166666666666667
159	0	-0.333333333333333
160	0	-0.666666666666667
161	0	-0.666666666666667
162	0	-0.666666666666667
163	0	-0.833333333333333
164	0	-1
165	0	-1
166	0	-1
167	0	-1
168	0	-1
169	0	-1
170	0	-1
171	0	-1
172	0	-1
173	0	-1
174	0	-1
175	0	-1
176	0	-1
177	0	-1
178	0	-1
179	0	-1
180	0	-1
181	0	-1
182	0	-1
183	0	-1
184	0	-1
185	0	-1
186	0	-1
187	0	-1
188	0	-0.666666666666667
189	0	-0.833333333333333
190	0	-0.666666666666667
191	0	-0.666666666666667
192	0	-0.333333333333333
193	0	-0.333333333333333
194	0	-0.333333333333333
195	0	-0.666666666666667
196	0	-0.666666666666667
197	0	-0.666666666666667
198	0	-0.333333333333333
199	0	-0.333333333333333
200	0	-0.666666666666667
201	0	-0.833333333333333
202	0	-0.5
203	0	-0.333333333333333
204	0	-0.666666666666667
205	0	-1
206	0	-0.833333333333333
207	0	-0.833333333333333
208	0	-0.833333333333333
209	0	-0.666666666666667
210	0	-0.666666666666667
211	0	-1
212	0	-1
213	0	-1
214	0	-1
215	0	-1
216	0	-1
217	0	-1
218	0	-1
219	0	-1
220	0	-1
221	0	-1
222	0	-1
223	0	-1
224	0	-0.833333333333333
225	0	-0.5
226	0	-0.333333333333333
227	0	0
228	0.333333333333333	0
229	0	0
230	0	0
231	0	-0.333333333333333
232	0	-0.666666666666667
233	0	-0.666666666666667
234	0	-1
235	0	-0.666666666666667
236	0	-1
237	0	-0.666666666666667
238	0	-0.333333333333333
239	0	-0.166666666666667
240	0	0
241	0.333333333333333	0
242	0.5	0
243	0.666666666666667	0
244	0.666666666666667	0
245	1	0
246	1	0
247	1	0
248	1	0
249	1	0
250	1	0
251	1	0
252	1	0
253	0.666666666666667	0
254	0.333333333333333	0
255	0	0
256	0	-0.166666666666667
257	0	-0.5
258	0	-0.666666666666667
259	0	-0.333333333333333
260	0	-0.333333333333333
261	0	-0.333333333333333
262	0	0
263	0.333333333333333	0
264	0.5	0
265	0.333333333333333	0
266	0.5	0
267	0.666666666666667	0
268	1	0
269	1	0
270	1	0
271	1	0
272	0.666666666666667	0
273	0.333333333333333	0
274	0	0
275	0	0
276	0	0
277	0	0
278	0	0
279	0.333333333333333	0
280	0.333333333333333	0
281	0.666666666666667	0
282	1	0
283	1	0
284	1	0
285	1	0
286	1	0
287	1	0
288	1	0
289	1	0
290	1	0
291	1	0
292	1	0
293	1	0
294	1	0
295	1	0
296	1	0
297	1	0
298	1	0
299	1	0
300	1	0
301	1	0
302	1	0
303	1	0
304	1	0
305	1	0
306	1	0
307	1	0
308	1	0
309	1	0
310	1	0
311	1	0
312	1	0
313	1	0
314	1	0
315	1	0
316	1	0
317	1	0
318	1	0
319	1	0
320	1	0
321	0.666666666666667	0
322	0.333333333333333	0
323	0.333333333333333	0
324	0.333333333333333	0
325	0.333333333333333	0
326	0	0
327	0	0
328	0.166666666666667	0
329	0.333333333333333	0
330	0.333333333333333	0
331	0.666666666666667	0
332	1	0
333	1	0
334	1	0
335	1	0
336	1	0
337	1	0
338	1	0
339	1	0
340	1	0
341	1	0
342	1	0
343	1	0
344	1	0
345	1	0
346	1	0
347	1	0
348	1	0
349	1	0
350	1	0
351	1	0
352	1	0
353	1	0
354	1	0
355	1	0
356	1	0
357	1	0
358	1	0
359	1	0
360	1	0
361	0.666666666666667	0
362	0.333333333333333	0
363	0	0
364	0	0
365	0	0
366	0	0
367	0.333333333333333	0
368	0.666666666666667	0
369	1	0
370	1	0
371	1	0
372	1	0
373	1	0
374	1	0
375	1	0
376	1	0
377	1	0
378	1	0
379	1	0
380	1	0
381	1	0
382	1	0
383	0.833333333333333	0
384	0.666666666666667	0
385	0.666666666666667	0
386	0.5	0
387	0.666666666666667	0
388	0.666666666666667	0
389	0.833333333333333	0
390	1	0
391	1	0
392	1	0
393	1	0
394	1	0
395	1	0
396	1	0
397	1	0
398	0.666666666666667	0
399	0.333333333333333	0
400	0.333333333333333	0
401	0	0
402	0.333333333333333	0
403	0.166666666666667	0
404	0.166666666666667	0
405	0.333333333333333	0
406	0.666666666666667	0
407	1	0
408	1	0
409	1	0
410	1	0
411	1	0
412	1	0
413	1	0
414	1	0
415	1	0
416	1	0
417	1	0
418	1	0
419	1	0
420	1	0
421	1	0
422	1	0
423	1	0
424	1	0
425	1	0
426	1	0
427	1	0
428	1	0
429	1	0
430	1	0
431	1	0
432	1	0
433	1	0
434	1	0
435	0.666666666666667	0
436	0.666666666666667	0
437	0.666666666666667	0
438	0.666666666666667	0
439	0.666666666666667	0
440	0.666666666666667	0
441	1	0
442	1	0
443	1	0
444	1	0
445	1	0
446	1	0
447	1	0
448	1	0
449	1	0
450	1	0
451	1	0
452	1	0
453	1	0
454	1	0
455	1	0
456	1	0
457	1	0
458	1	0
459	1	0
460	1	0
461	1	0
462	1	0
463	1	0
464	1	0
465	1	0
466	1	0
467	1	0
468	1	0
469	1	0
470	1	0
471	1	0
472	1	0
473	1	0
474	1	0
475	1	0
476	1	0
477	1	0
478	1	0
479	1	0
480	1	0
481	1	0
482	1	0
483	1	0
484	0.833333333333333	0
485	1	0
486	1	0
487	0.666666666666667	0
488	0.666666666666667	0
489	0.666666666666667	0
490	1	0
491	1	0
492	1	0
493	1	0
494	0.666666666666667	0
495	0.333333333333333	0
496	0	0
497	0	0
498	0	0
499	0	-0.333333333333333
500	0	0
501	0	0
502	0.333333333333333	0
503	0.333333333333333	0
504	0.666666666666667	0
505	0.666666666666667	0
506	1	0
507	0.666666666666667	0
508	0.5	0
509	0.166666666666667	0
510	0	0
511	0	-0.166666666666667
512	0	-0.333333333333333
513	0	-0.333333333333333
514	0	-0.666666666666667
515	0	-0.333333333333333
516	0	-0.666666666666667
517	0	-1
518	0	-1
519	0	-1
520	0	-1
521	0	-1
522	0	-1
523	0	-1
524	0	-1
525	0	-1
526	0	-1
527	0	-1
528	0	-1
529	0	-1
530	0	-1
531	0	-1
532	0	-1
533	0	-1
534	0	-1
535	0	-1
536	0	-0.833333333333333
537	0	-0.666666666666667
538	0	-0.5
539	0	-0.333333333333333
540	0	-0.166666666666667
541	0	0
