position	positive	negative
1	0	-0.166666666666667
2	0	-0.333333333333333
3	0	-0.5
4	0	-0.666666666666667
5	0	-0.833333333333333
6	0	-1
7	0	-1
8	0	-1
9	0	-1
10	0	-1
11	0	-1
12	0	-1
13	0	-1
14	0	-1
15	0	-1
16	0	-1
17	0	-1
18	0	-1
19	0	-1
20	0	-1
21	0	-1
22	0	-1
23	0	-1
24	0	-1
25	0	-1
26	0	-1
27	0	-1
28	0	-1
29	0	-1
30	0	-1
31	0	-1
32	0	-1
33	0	-1
34	0	-1
35	0	-1
36	0	-1
37	0	-1
38	0	-1
39	0	-1
40	0	-1
41	0	-1
42	0	-1
43	0	-1
44	0	-1
45	0	-1
46	0	-1
47	0	-1
48	0	-1
49	0	-1
50	0	-1
51	0	-1
52	0	-1
53	0	-1
54	0	-1
55	0	-1
56	0	-1
57	0	-1
58	0	-1
59	0	-1
60	0	-1
61	0	-1
62	0	-1
63	0	-1
64	0	-1
65	0	-1
66	0	-1
67	0	-1
68	0	-1
69	0	-1
70	0	-1
71	0	-1
72	0	-1
73	0	-1
74	0	-1
75	0	-1
76	0	-1
77	0	-1
78	0	-1
79	0	-1
80	0	-1
81	0	-1
82	0	-1
83	0	-1
84	0	-1
85	0	-1
86	0	-1
87	0	-1
88	0	-1
89	0	-1
90	0	-1
91	0	-1
92	0	-1
93	0	-1
94	0	-1
95	0	-1
96	0	-1
97	0	-1
98	0	-1
99	0	-1
100	0	-1
101	0	-1
102	0	-1
103	0	-1
104	0	-1
105	0	-1
106	0	-1
107	0	-1
108	0	-1
109	0	-1
110	0	-1
111	0	-1
112	0	-1
113	0	-1
114	0	-1
115	0	-1
116	0	-1
117	0	-1
118	0	-1
119	0	-0.666666666666667
120	0	-0.333333333333333
121	0	0
122	0.333333333333333	0
123	0.666666666666667	0
124	1	0
125	1	0
126	1	0
127	1	0
128	1	0
129	1	0
130	1	0
131	1	0
132	0.666666666666667	0
133	0.333333333333333	0
134	0.333333333333333	0
135	0.333333333333333	0
136	0.333333333333333	0
137	0.333333333333333	0
138	0	0
139	0	0
140	0	-0.333333333333333
141	0	0
142	0.333333333333333	0
143	0.666666666666667	0
144	0.666666666666667	0
145	0.666666666666667	0
146	1	0
147	1	0
148	1	0
149	1	0
150	1	0
151	1	0
152	1	0
153	1	0
154	1	0
155	0.666666666666667	0
156	0.666666666666667	0
157	0.333333333333333	0
158	0	0
159	0	-0.333333333333333
160	0	-0.666666666666667
161	0	-0.666666666666667
162	0	-1
163	0	-1
164	0	-1
165	0	-1
166	0	-1
167	0	-1
168	0	-1
169	0	-1
170	0	-1
171	0	-1
172	0	-1
173	0	-1
174	0	-0.666666666666667
175	0	-0.666666666666667
176	0	-0.666666666666667
177	0	-0.666666666666667
178	0	-0.666666666666667
179	0	-0.333333333333333
180	0	-0.333333333333333
181	0	0
182	0.333333333333333	0
183	0.666666666666667	0
184	1	0
185	1	0
186	1	0
187	1	0
188	1	0
189	1	0
190	1	0
191	1	0
192	1	0
193	1	0
194	1	0
195	1	0
196	1	0
197	1	0
198	1	0
199	1	0
200	1	0
201	0.666666666666667	0
202	0.666666666666667	0
203	0.666666666666667	0
204	0.666666666666667	0
205	0.666666666666667	0
206	0.333333333333333	0
207	0.333333333333333	0
208	0	0
209	0	0
210	0	0
211	0.333333333333333	0
212	0.333333333333333	0
213	0	0
214	0	0
215	0	0
216	0	0
217	0	-0.333333333333333
218	0	0
219	0.333333333333333	0
220	0.666666666666667	0
221	1	0
222	1	0
223	1	0
224	0.666666666666667	0
225	0.666666666666667	0
226	0.666666666666667	0
227	0.666666666666667	0
228	1	0
229	1	0
230	1	0
231	1	0
232	0.666666666666667	0
233	0.333333333333333	0
234	0	0
235	0	-0.333333333333333
236	0	-0.666666666666667
237	0	-1
238	0	-1
239	0	-1
240	0	-1
241	0	-1
242	0	-1
243	0	-1
244	0	-1
245	0	-1
246	0	-1
247	0	-0.666666666666667
248	0	-0.666666666666667
249	0	-1
250	0	-1
251	0	-1
252	0	-1
253	0	-0.666666666666667
254	0	-0.666666666666667
255	0	-0.333333333333333
256	0	0
257	0.333333333333333	0
258	0.333333333333333	0
259	0.333333333333333	0
260	0.333333333333333	0
261	0	0
262	0	0
263	0	-0.333333333333333
264	0	-0.333333333333333
265	0	-0.333333333333333
266	0	-0.666666666666667
267	0	-0.666666666666667
268	0	-0.666666666666667
269	0	-0.666666666666667
270	0	-0.666666666666667
271	0	-1
272	0	-1
273	0	-1
274	0	-1
275	0	-1
276	0	-1
277	0	-1
278	0	-1
279	0	-1
280	0	-1
281	0	-1
282	0	-1
283	0	-1
284	0	-1
285	0	-1
286	0	-1
287	0	-1
288	0	-1
289	0	-1
290	0	-1
291	0	-1
292	0	-1
293	0	-1
294	0	-1
295	0	-1
296	0	-1
297	0	-1
298	0	-1
299	0	-1
300	0	-1
301	0	-1
302	0	-1
303	0	-1
304	0	-1
305	0	-1
306	0	-1
307	0	-1
308	0	-1
309	0	-1
310	0	-1
311	0	-1
312	0	-1
313	0	-1
314	0	-1
315	0	-1
316	0	-1
317	0	-1
318	0	-1
319	0	-1
320	0	-1
321	0	-1
322	0	-1
323	0	-1
324	0	-1
325	0	-1
326	0	-1
327	0	-1
328	0	-1
329	0	-1
330	0	-1
331	0	-1
332	0	-1
333	0	-1
334	0	-1
335	0	-1
336	0	-1
337	0	-1
338	0	-1
339	0	-1
340	0	-1
341	0	-1
342	0	-1
343	0	-1
344	0	-1
345	0	-1
346	0	-1
347	0	-1
348	0	-1
349	0	-1
350	0	-1
351	0	-1
352	0	-1
353	0	-1
354	0	-1
355	0	-1
356	0	-1
357	0	-1
358	0	-1
359	0	-1
360	0	-1
361	0	-1
362	0	-1
363	0	-1
364	0	-1
365	0	-1
366	0	-1
367	0	-1
368	0	-0.833333333333333
369	0	-0.666666666666667
370	0	-0.5
371	0	-0.333333333333333
372	0	-0.166666666666667
373	0	0
