position	positive	negative
1	0	-0.166666666666667
2	0	-0.333333333333333
3	0	-0.5
4	0	-0.666666666666667
5	0	-0.833333333333333
6	0	-1
7	0	-1
8	0	-1
9	0	-1
10	0	-1
11	0	-1
12	0	-1
13	0	-1
14	0	-1
15	0	-1
16	0	-1
17	0	-1
18	0	-1
19	0	-1
20	0	-1
21	0	-1
22	0	-1
23	0	-1
24	0	-1
25	0	-1
26	0	-1
27	0	-1
28	0	-1
29	0	-1
30	0	-1
31	0	-1
32	0	-1
33	0	-1
34	0	-1
35	0	-1
36	0	-1
37	0	-1
38	0	-1
39	0	-1
40	0	-1
41	0	-1
42	0	-1
43	0	-1
44	0	-1
45	0	-1
46	0	-1
47	0	-1
48	0	-1
49	0	-1
50	0	-1
51	0	-1
52	0	-1
53	0	-1
54	0	-1
55	0	-1
56	0	-1
57	0	-1
58	0	-1
59	0	-1
60	0	-1
61	0	-1
62	0	-1
63	0	-1
64	0	-1
65	0	-1
66	0	-1
67	0	-1
68	0	-1
69	0	-1
70	0	-1
71	0	-1
72	0	-1
73	0	-1
74	0	-0.666666666666667
75	0	-1
76	0	-1
77	0	-1
78	0	-1
79	0	-1
80	0	-1
81	0	-1
82	0	-1
83	0	-0.666666666666667
84	0	-0.333333333333333
85	0	0
86	0.333333333333333	0
87	0	0
88	0	0
89	0	-0.333333333333333
90	0	0
91	0.333333333333333	0
92	0	0
93	0	0
94	0	-0.333333333333333
95	0	-0.333333333333333
96	0	-0.333333333333333
97	0	-0.333333333333333
98	0	0
99	0	0
100	0	0
101	0	0
102	0	0
103	0	-0.333333333333333
104	0	-0.666666666666667
105	0	-1
106	0	-1
107	0	-1
108	0	-1
109	0	-1
110	0	-1
111	0	-1
112	0	-1
113	0	-1
114	0	-1
115	0	-1
116	0	-1
117	0	-1
118	0	-1
119	0	-1
120	0	-1
121	0	-1
122	0	-1
123	0	-0.666666666666667
124	0	-0.333333333333333
125	0	0
126	0	0
127	0	0
128	0	0
129	0	0
130	0	-0.333333333333333
131	0	-0.666666666666667
132	0	-1
133	0	-1
134	0	-1
135	0	-1
136	0	-1
137	0	-1
138	0	-1
139	0	-1
140	0	-1
141	0	-1
142	0	-1
143	0	-1
144	0	-1
145	0	-1
146	0	-0.666666666666667
147	0	-0.333333333333333
148	0	-0.333333333333333
149	0	-0.333333333333333
150	0	0
151	0	0
152	0	-0.333333333333333
153	0	-0.333333333333333
154	0	-0.333333333333333
155	0	0
156	0.333333333333333	0
157	0.666666666666667	0
158	0.666666666666667	0
159	0.666666666666667	0
160	1	0
161	1	0
162	1	0
163	1	0
164	0.666666666666667	0
165	1	0
166	1	0
167	0.666666666666667	0
168	1	0
169	1	0
170	1	0
171	1	0
172	0.666666666666667	0
173	0.333333333333333	0
174	0	0
175	0	-0.333333333333333
176	0	-0.333333333333333
177	0	-0.333333333333333
178	0	-0.333333333333333
179	0	0
180	0.333333333333333	0
181	0.666666666666667	0
182	0.666666666666667	0
183	0.333333333333333	0
184	0	0
185	0	-0.333333333333333
186	0	-0.666666666666667
187	0	-1
188	0	-1
189	0	-1
190	0	-1
191	0	-1
192	0	-1
193	0	-1
194	0	-1
195	0	-1
196	0	-1
197	0	-1
198	0	-1
199	0	-1
200	0	-1
201	0	-1
202	0	-1
203	0	-1
204	0	-1
205	0	-1
206	0	-1
207	0	-1
208	0	-1
209	0	-1
210	0	-1
211	0	-1
212	0	-1
213	0	-1
214	0	-1
215	0	-1
216	0	-1
217	0	-1
218	0	-1
219	0	-1
220	0	-1
221	0	-1
222	0	-1
223	0	-1
224	0	-1
225	0	-1
226	0	-1
227	0	-1
228	0	-1
229	0	-0.666666666666667
230	0	-0.666666666666667
231	0	-0.666666666666667
232	0	-0.333333333333333
233	0	-0.333333333333333
234	0	-0.333333333333333
235	0	-0.333333333333333
236	0	-0.666666666666667
237	0	-0.666666666666667
238	0	-0.666666666666667
239	0	-1
240	0	-1
241	0	-1
242	0	-1
243	0	-1
244	0	-1
245	0	-1
246	0	-1
247	0	-1
248	0	-0.666666666666667
249	0	-0.666666666666667
250	0	-0.333333333333333
251	0	0
252	0	0
253	0.333333333333333	0
254	0.666666666666667	0
255	0.666666666666667	0
256	0.333333333333333	0
257	0	0
258	0	0
259	0	-0.333333333333333
260	0	-0.666666666666667
261	0	-1
262	0	-1
263	0	-1
264	0	-1
265	0	-1
266	0	-1
267	0	-1
268	0	-1
269	0	-1
270	0	-1
271	0	-1
272	0	-1
273	0	-1
274	0	-1
275	0	-1
276	0	-1
277	0	-1
278	0	-1
279	0	-0.666666666666667
280	0	-0.333333333333333
281	0	0
282	0.333333333333333	0
283	0.666666666666667	0
284	1	0
285	0.666666666666667	0
286	0.333333333333333	0
287	0	0
288	0	-0.333333333333333
289	0	-0.666666666666667
290	0	-1
291	0	-1
292	0	-1
293	0	-1
294	0	-1
295	0	-1
296	0	-0.666666666666667
297	0	-0.666666666666667
298	0	-0.666666666666667
299	0	-1
300	0	-1
301	0	-0.666666666666667
302	0	-0.666666666666667
303	0	-0.666666666666667
304	0	-0.666666666666667
305	0	-0.666666666666667
306	0	-0.666666666666667
307	0	-0.333333333333333
308	0	-0.666666666666667
309	0	-0.666666666666667
310	0	-0.666666666666667
311	0	-0.666666666666667
312	0	-0.333333333333333
313	0	0
314	0.333333333333333	0
315	0.666666666666667	0
316	1	0
317	1	0
318	0.666666666666667	0
319	0.666666666666667	0
320	0.333333333333333	0
321	0	0
322	0	0
323	0	-0.333333333333333
324	0	0
325	0	0
326	0	0
327	0	0
328	0	0
329	0	0
330	0.333333333333333	0
331	0	0
332	0.333333333333333	0
333	0	0
334	0	-0.333333333333333
335	0	-0.333333333333333
336	0	-0.666666666666667
337	0	-0.666666666666667
338	0	-1
339	0	-1
340	0	-1
341	0	-1
342	0	-1
343	0	-1
344	0	-1
345	0	-1
346	0	-1
347	0	-1
348	0	-1
349	0	-1
350	0	-1
351	0	-1
352	0	-1
353	0	-1
354	0	-1
355	0	-1
356	0	-1
357	0	-1
358	0	-1
359	0	-1
360	0	-1
361	0	-1
362	0	-1
363	0	-1
364	0	-1
365	0	-1
366	0	-1
367	0	-1
368	0	-1
369	0	-1
370	0	-1
371	0	-1
372	0	-1
373	0	-1
374	0	-1
375	0	-1
376	0	-1
377	0	-1
378	0	-1
379	0	-1
380	0	-1
381	0	-1
382	0	-1
383	0	-1
384	0	-1
385	0	-1
386	0	-1
387	0	-1
388	0	-1
389	0	-0.666666666666667
390	0	-0.333333333333333
391	0	0
392	0	0
393	0.333333333333333	0
394	0.666666666666667	0
395	1	0
396	0.666666666666667	0
397	0.333333333333333	0
398	0	0
399	0	-0.333333333333333
400	0	-0.666666666666667
401	0	-1
402	0	-1
403	0	-1
404	0	-1
405	0	-1
406	0	-1
407	0	-1
408	0	-1
409	0	-1
410	0	-1
411	0	-0.666666666666667
412	0	-0.333333333333333
413	0	-0.333333333333333
414	0	-0.333333333333333
415	0	-0.333333333333333
416	0	-0.333333333333333
417	0	-0.666666666666667
418	0	-1
419	0	-1
420	0	-1
421	0	-1
422	0	-1
423	0	-1
424	0	-1
425	0	-1
426	0	-1
427	0	-0.666666666666667
428	0	-0.666666666666667
429	0	-1
430	0	-1
431	0	-1
432	0	-1
433	0	-1
434	0	-1
435	0	-1
436	0	-1
437	0	-1
438	0	-1
439	0	-1
440	0	-1
441	0	-1
442	0	-1
443	0	-1
444	0	-1
445	0	-1
446	0	-1
447	0	-1
448	0	-1
449	0	-1
450	0	-1
451	0	-1
452	0	-1
453	0	-1
454	0	-1
455	0	-1
456	0	-1
457	0	-0.666666666666667
458	0	-0.666666666666667
459	0	-0.666666666666667
460	0	-0.666666666666667
461	0	-0.666666666666667
462	0	-1
463	0	-1
464	0	-1
465	0	-1
466	0	-1
467	0	-1
468	0	-1
469	0	-1
470	0	-1
471	0	-0.666666666666667
472	0	-0.333333333333333
473	0	0
474	0	0
475	0.333333333333333	0
476	0.666666666666667	0
477	0.333333333333333	0
478	0	0
479	0	0
480	0	-0.333333333333333
481	0	-0.666666666666667
482	0	-0.666666666666667
483	0	-0.333333333333333
484	0	0
485	0.333333333333333	0
486	0.666666666666667	0
487	1	0
488	0.666666666666667	0
489	0.333333333333333	0
490	0	0
491	0	-0.333333333333333
492	0	-0.666666666666667
493	0	-1
494	0	-1
495	0	-1
496	0	-1
497	0	-1
498	0	-0.666666666666667
499	0	-0.666666666666667
500	0	-0.666666666666667
501	0	-0.666666666666667
502	0	-0.666666666666667
503	0	-0.666666666666667
504	0	-1
505	0	-1
506	0	-1
507	0	-0.666666666666667
508	0	-0.333333333333333
509	0	0
510	0.333333333333333	0
511	0.666666666666667	0
512	1	0
513	0.666666666666667	0
514	0.333333333333333	0
515	0	0
516	0	-0.333333333333333
517	0	-0.666666666666667
518	0	-1
519	0	-1
520	0	-1
521	0	-1
522	0	-1
523	0	-1
524	0	-1
525	0	-1
526	0	-1
527	0	-1
528	0	-1
529	0	-1
530	0	-1
531	0	-1
532	0	-1
533	0	-1
534	0	-1
535	0	-1
536	0	-1
537	0	-1
538	0	-1
539	0	-1
540	0	-1
541	0	-1
542	0	-1
543	0	-1
544	0	-1
545	0	-1
546	0	-1
547	0	-1
548	0	-1
549	0	-1
550	0	-1
551	0	-1
552	0	-1
553	0	-1
554	0	-1
555	0	-1
556	0	-1
557	0	-1
558	0	-1
559	0	-0.666666666666667
560	0	-0.333333333333333
561	0	0
562	0.333333333333333	0
563	0.666666666666667	0
564	1	0
565	1	0
566	1	0
567	1	0
568	1	0
569	1	0
570	1	0
571	0.666666666666667	0
572	0.333333333333333	0
573	0	0
574	0	-0.333333333333333
575	0	-0.666666666666667
576	0	-0.666666666666667
577	0	-1
578	0	-1
579	0	-1
580	0	-1
581	0	-1
582	0	-1
583	0	-1
584	0	-1
585	0	-0.666666666666667
586	0	-0.333333333333333
587	0	0
588	0.333333333333333	0
589	0.666666666666667	0
590	1	0
591	0.666666666666667	0
592	1	0
593	0.666666666666667	0
594	0.666666666666667	0
595	0.333333333333333	0
596	0	0
597	0	0
598	0	-0.333333333333333
599	0	-0.333333333333333
600	0	-0.666666666666667
601	0	-0.666666666666667
602	0	-1
603	0	-1
604	0	-1
605	0	-1
606	0	-1
607	0	-0.666666666666667
608	0	-0.333333333333333
609	0	-0.333333333333333
610	0	-0.333333333333333
611	0	-0.333333333333333
612	0	-0.333333333333333
613	0	-0.666666666666667
614	0	-0.666666666666667
615	0	-1
616	0	-1
617	0	-1
618	0	-1
619	0	-1
620	0	-1
621	0	-1
622	0	-1
623	0	-1
624	0	-1
625	0	-1
626	0	-0.666666666666667
627	0	-0.333333333333333
628	0	0
629	0.333333333333333	0
630	0.666666666666667	0
631	1	0
632	1	0
633	1	0
634	1	0
635	1	0
636	1	0
637	1	0
638	1	0
639	1	0
640	1	0
641	1	0
642	0.666666666666667	0
643	0.333333333333333	0
644	0	0
645	0	-0.333333333333333
646	0	-0.666666666666667
647	0	-1
648	0	-1
649	0	-1
650	0	-1
651	0	-1
652	0	-1
653	0	-1
654	0	-1
655	0	-1
656	0	-1
657	0	-1
658	0	-0.666666666666667
659	0	-0.333333333333333
660	0	0
661	0.333333333333333	0
662	0.666666666666667	0
663	1	0
664	1	0
665	1	0
666	1	0
667	1	0
668	1	0
669	1	0
670	1	0
671	1	0
672	1	0
673	1	0
674	1	0
675	1	0
676	1	0
677	1	0
678	1	0
679	1	0
680	1	0
681	1	0
682	1	0
683	1	0
684	1	0
685	1	0
686	0.666666666666667	0
687	0.333333333333333	0
688	0	0
689	0	-0.333333333333333
690	0	-0.666666666666667
691	0	-1
692	0	-1
693	0	-1
694	0	-1
695	0	-1
696	0	-1
697	0	-1
698	0	-0.666666666666667
699	0	-0.333333333333333
700	0	0
701	0.333333333333333	0
702	0.666666666666667	0
703	0.666666666666667	0
704	1	0
705	1	0
706	1	0
707	0.666666666666667	0
708	0.666666666666667	0
709	0.666666666666667	0
710	1	0
711	1	0
712	1	0
713	1	0
714	1	0
715	1	0
716	0.666666666666667	0
717	0.333333333333333	0
718	0	0
719	0	-0.333333333333333
720	0	-0.666666666666667
721	0	-1
722	0	-0.666666666666667
723	0	-0.333333333333333
724	0	0
725	0.333333333333333	0
726	0.333333333333333	0
727	0.666666666666667	0
728	0.333333333333333	0
729	0	0
730	0	0
731	0	-0.333333333333333
732	0	-0.666666666666667
733	0	-1
734	0	-1
735	0	-1
736	0	-1
737	0	-1
738	0	-1
739	0	-1
740	0	-1
741	0	-1
742	0	-0.666666666666667
743	0	-0.666666666666667
744	0	-0.333333333333333
745	0	-0.333333333333333
746	0	-0.333333333333333
747	0	-0.333333333333333
748	0	0
749	0.333333333333333	0
750	0.666666666666667	0
751	1	0
752	1	0
753	0.666666666666667	0
754	0.333333333333333	0
755	0	0
756	0	-0.333333333333333
757	0	-0.666666666666667
758	0	-0.666666666666667
759	0	-0.333333333333333
760	0	0
761	0.333333333333333	0
762	0.666666666666667	0
763	1	0
764	1	0
765	0.666666666666667	0
766	0.333333333333333	0
767	0	0
768	0	-0.333333333333333
769	0	-0.666666666666667
770	0	-1
771	0	-1
772	0	-1
773	0	-0.666666666666667
774	0	-0.666666666666667
775	0	-0.333333333333333
776	0	-0.333333333333333
777	0	0
778	0.333333333333333	0
779	0.666666666666667	0
780	0.666666666666667	0
781	0.333333333333333	0
782	0.333333333333333	0
783	0	0
784	0	0
785	0	-0.333333333333333
786	0	-0.666666666666667
787	0	-0.666666666666667
788	0	-1
789	0	-1
790	0	-1
791	0	-1
792	0	-1
793	0	-0.833333333333333
794	0	-0.666666666666667
795	0	-0.5
796	0	-0.333333333333333
797	0	-0.166666666666667
798	0	0
