position	positive	negative
1	0	-0.166666666666667
2	0	-0.333333333333333
3	0	-0.5
4	0	-0.666666666666667
5	0	-0.833333333333333
6	0	-1
7	0	-1
8	0	-1
9	0	-1
10	0	-1
11	0	-1
12	0	-1
13	0	-1
14	0	-1
15	0	-1
16	0	-1
17	0	-1
18	0	-1
19	0	-1
20	0	-1
21	0	-1
22	0	-1
23	0	-1
24	0	-1
25	0	-1
26	0	-1
27	0	-1
28	0	-1
29	0	-1
30	0	-1
31	0	-1
32	0	-1
33	0	-1
34	0	-1
35	0	-1
36	0	-1
37	0	-1
38	0	-1
39	0	-1
40	0	-1
41	0	-1
42	0	-1
43	0	-1
44	0	-1
45	0	-1
46	0	-1
47	0	-1
48	0	-1
49	0	-1
50	0	-1
51	0	-1
52	0	-1
53	0	-1
54	0	-1
55	0	-1
56	0	-1
57	0	-1
58	0	-1
59	0	-1
60	0	-1
61	0	-1
62	0	-1
63	0	-1
64	0	-1
65	0	-1
66	0	-1
67	0	-1
68	0	-1
69	0	-1
70	0	-1
71	0	-1
72	0	-1
73	0	-1
74	0	-1
75	0	-1
76	0	-1
77	0	-0.666666666666667
78	0	-0.333333333333333
79	0	0
80	0.333333333333333	0
81	0.666666666666667	0
82	1	0
83	1	0
84	1	0
85	1	0
86	1	0
87	1	0
88	1	0
89	1	0
90	1	0
91	1	0
92	1	0
93	1	0
94	1	0
95	1	0
96	1	0
97	1	0
98	1	0
99	1	0
100	1	0
101	1	0
102	1	0
103	1	0
104	1	0
105	1	0
106	1	0
107	1	0
108	1	0
109	1	0
110	1	0
111	1	0
112	1	0
113	1	0
114	1	0
115	1	0
116	1	0
117	1	0
118	1	0
119	1	0
120	1	0
121	1	0
122	1	0
123	1	0
124	1	0
125	1	0
126	1	0
127	1	0
128	1	0
129	1	0
130	1	0
131	1	0
132	1	0
133	1	0
134	1	0
135	1	0
136	0.666666666666667	0
137	0.666666666666667	0
138	0.666666666666667	0
139	0.666666666666667	0
140	1	0
141	1	0
142	1	0
143	1	0
144	1	0
145	1	0
146	1	0
147	1	0
148	1	0
149	1	0
150	1	0
151	1	0
152	1	0
153	1	0
154	1	0
155	1	0
156	1	0
157	1	0
158	0.666666666666667	0
159	0.666666666666667	0
160	0.666666666666667	0
161	0.333333333333333	0
162	0.333333333333333	0
163	0.666666666666667	0
164	0.666666666666667	0
165	0.666666666666667	0
166	0.666666666666667	0
167	1	0
168	0.666666666666667	0
169	0.333333333333333	0
170	0.333333333333333	0
171	0.333333333333333	0
172	0	0
173	0	0
174	0.333333333333333	0
175	0.333333333333333	0
176	0.666666666666667	0
177	1	0
178	1	0
179	1	0
180	1	0
181	1	0
182	1	0
183	1	0
184	0.666666666666667	0
185	0.333333333333333	0
186	0	0
187	0	-0.333333333333333
188	0	-0.666666666666667
189	0	-1
190	0	-1
191	0	-1
192	0	-1
193	0	-1
194	0	-1
195	0	-1
196	0	-1
197	0	-1
198	0	-1
199	0	-1
200	0	-1
201	0	-1
202	0	-1
203	0	-1
204	0	-1
205	0	-1
206	0	-1
207	0	-1
208	0	-1
209	0	-1
210	0	-1
211	0	-1
212	0	-1
213	0	-1
214	0	-1
215	0	-1
216	0	-1
217	0	-1
218	0	-1
219	0	-1
220	0	-1
221	0	-1
222	0	-1
223	0	-0.666666666666667
224	0	-0.333333333333333
225	0	0
226	0.333333333333333	0
227	0.666666666666667	0
228	1	0
229	1	0
230	1	0
231	1	0
232	1	0
233	1	0
234	1	0
235	1	0
236	1	0
237	1	0
238	1	0
239	1	0
240	1	0
241	1	0
242	1	0
243	1	0
244	1	0
245	1	0
246	1	0
247	1	0
248	1	0
249	1	0
250	1	0
251	1	0
252	1	0
253	1	0
254	0.666666666666667	0
255	0.333333333333333	0
256	0	0
257	0	-0.333333333333333
258	0	-0.333333333333333
259	0	-0.666666666666667
260	0	-0.333333333333333
261	0	0
262	0	0
263	0.333333333333333	0
264	0.666666666666667	0
265	1	0
266	1	0
267	1	0
268	1	0
269	1	0
270	1	0
271	1	0
272	1	0
273	1	0
274	1	0
275	1	0
276	1	0
277	1	0
278	1	0
279	1	0
280	1	0
281	1	0
282	1	0
283	1	0
284	1	0
285	1	0
286	0.666666666666667	0
287	0.333333333333333	0
288	0	0
289	0	0
290	0	-0.333333333333333
291	0	-0.666666666666667
292	0	-0.666666666666667
293	0	-0.333333333333333
294	0	-0.333333333333333
295	0	-0.333333333333333
296	0	-0.333333333333333
297	0	-0.333333333333333
298	0	-0.333333333333333
299	0	-0.333333333333333
300	0	0
301	0.333333333333333	0
302	0.333333333333333	0
303	0.666666666666667	0
304	1	0
305	1	0
306	0.666666666666667	0
307	1	0
308	0.666666666666667	0
309	0.333333333333333	0
310	0	0
311	0	0
312	0	0
313	0	0
314	0.333333333333333	0
315	0.666666666666667	0
316	1	0
317	1	0
318	1	0
319	1	0
320	1	0
321	1	0
322	1	0
323	1	0
324	1	0
325	1	0
326	1	0
327	1	0
328	0.666666666666667	0
329	0.333333333333333	0
330	0	0
331	0	-0.333333333333333
332	0	-0.666666666666667
333	0	-1
334	0	-1
335	0	-1
336	0	-1
337	0	-1
338	0	-1
339	0	-1
340	0	-1
341	0	-1
342	0	-1
343	0	-1
344	0	-1
345	0	-1
346	0	-1
347	0	-1
348	0	-1
349	0	-1
350	0	-1
351	0	-0.666666666666667
352	0	-0.333333333333333
353	0	-0.333333333333333
354	0	0
355	0.333333333333333	0
356	0.333333333333333	0
357	0	0
358	0	0
359	0	-0.333333333333333
360	0	-0.666666666666667
361	0	-0.666666666666667
362	0	-1
363	0	-1
364	0	-1
365	0	-1
366	0	-0.666666666666667
367	0	-0.666666666666667
368	0	-0.333333333333333
369	0	-0.333333333333333
370	0	-0.333333333333333
371	0	0
372	0.333333333333333	0
373	0.666666666666667	0
374	1	0
375	1	0
376	1	0
377	1	0
378	1	0
379	1	0
380	1	0
381	0.666666666666667	0
382	0.333333333333333	0
383	0	0
384	0	0
385	0	-0.333333333333333
386	0	-0.666666666666667
387	0	-1
388	0	-1
389	0	-1
390	0	-1
391	0	-1
392	0	-1
393	0	-1
394	0	-1
395	0	-1
396	0	-1
397	0	-1
398	0	-1
399	0	-1
400	0	-1
401	0	-1
402	0	-1
403	0	-1
404	0	-1
405	0	-1
406	0	-1
407	0	-1
408	0	-1
409	0	-1
410	0	-1
411	0	-1
412	0	-1
413	0	-0.666666666666667
414	0	-0.666666666666667
415	0	-0.333333333333333
416	0	-0.333333333333333
417	0	0
418	0	0
419	0	0
420	0.333333333333333	0
421	0.666666666666667	0
422	1	0
423	1	0
424	1	0
425	1	0
426	1	0
427	1	0
428	1	0
429	1	0
430	1	0
431	1	0
432	1	0
433	1	0
434	1	0
435	1	0
436	1	0
437	1	0
438	0.666666666666667	0
439	0.666666666666667	0
440	0.333333333333333	0
441	0	0
442	0	0
443	0	-0.333333333333333
444	0	-0.666666666666667
445	0	-0.333333333333333
446	0	-0.333333333333333
447	0	-0.666666666666667
448	0	-1
449	0	-1
450	0	-1
451	0	-1
452	0	-1
453	0	-1
454	0	-1
455	0	-1
456	0	-1
457	0	-1
458	0	-1
459	0	-1
460	0	-1
461	0	-1
462	0	-1
463	0	-1
464	0	-1
465	0	-1
466	0	-1
467	0	-1
468	0	-1
469	0	-1
470	0	-1
471	0	-1
472	0	-1
473	0	-1
474	0	-1
475	0	-1
476	0	-1
477	0	-1
478	0	-1
479	0	-1
480	0	-1
481	0	-1
482	0	-1
483	0	-1
484	0	-1
485	0	-1
486	0	-1
487	0	-1
488	0	-1
489	0	-1
490	0	-1
491	0	-1
492	0	-1
493	0	-1
494	0	-1
495	0	-1
496	0	-1
497	0	-1
498	0	-1
499	0	-1
500	0	-1
501	0	-1
502	0	-1
503	0	-1
504	0	-1
505	0	-1
506	0	-1
507	0	-1
508	0	-1
509	0	-1
510	0	-1
511	0	-1
512	0	-1
513	0	-1
514	0	-1
515	0	-1
516	0	-1
517	0	-1
518	0	-1
519	0	-1
520	0	-1
521	0	-1
522	0	-1
523	0	-1
524	0	-1
525	0	-1
526	0	-1
527	0	-1
528	0	-1
529	0	-1
530	0	-1
531	0	-1
532	0	-1
533	0	-1
534	0	-1
535	0	-1
536	0	-1
537	0	-1
538	0	-1
539	0	-1
540	0	-1
541	0	-1
542	0	-1
543	0	-1
544	0	-1
545	0	-1
546	0	-1
547	0	-1
548	0	-1
549	0	-1
550	0	-1
551	0	-1
552	0	-1
553	0	-1
554	0	-1
555	0	-1
556	0	-1
557	0	-1
558	0	-1
559	0	-1
560	0	-1
561	0	-1
562	0	-1
563	0	-1
564	0	-1
565	0	-1
566	0	-1
567	0	-1
568	0	-1
569	0	-1
570	0	-1
571	0	-1
572	0	-1
573	0	-1
574	0	-1
575	0	-1
576	0	-1
577	0	-1
578	0	-1
579	0	-1
580	0	-1
581	0	-1
582	0	-1
583	0	-1
584	0	-1
585	0	-1
586	0	-1
587	0	-1
588	0	-1
589	0	-1
590	0	-1
591	0	-1
592	0	-1
593	0	-1
594	0	-1
595	0	-1
596	0	-1
597	0	-1
598	0	-1
599	0	-1
600	0	-1
601	0	-1
602	0	-1
603	0	-1
604	0	-1
605	0	-1
606	0	-1
607	0	-1
608	0	-1
609	0	-1
610	0	-1
611	0	-1
612	0	-1
613	0	-1
614	0	-1
615	0	-1
616	0	-1
617	0	-1
618	0	-1
619	0	-1
620	0	-1
621	0	-1
622	0	-1
623	0	-1
624	0	-1
625	0	-1
626	0	-1
627	0	-1
628	0	-1
629	0	-1
630	0	-1
631	0	-1
632	0	-1
633	0	-1
634	0	-1
635	0	-1
636	0	-1
637	0	-1
638	0	-1
639	0	-1
640	0	-1
641	0	-1
642	0	-1
643	0	-1
644	0	-1
645	0	-0.833333333333333
646	0	-0.666666666666667
647	0	-0.5
648	0	-0.333333333333333
649	0	-0.166666666666667
650	0	0
