position	positive	negative
1	0	-0.166666666666667
2	0	-0.333333333333333
3	0	-0.5
4	0	-0.666666666666667
5	0	-0.833333333333333
6	0	-1
7	0	-1
8	0	-1
9	0	-1
10	0	-1
11	0	-1
12	0	-1
13	0	-1
14	0	-1
15	0	-1
16	0	-1
17	0	-1
18	0	-1
19	0	-1
20	0	-1
21	0	-1
22	0	-1
23	0	-1
24	0	-1
25	0	-1
26	0	-1
27	0	-1
28	0	-1
29	0	-1
30	0	-1
31	0	-1
32	0	-1
33	0	-1
34	0	-1
35	0	-1
36	0	-1
37	0	-1
38	0	-1
39	0	-1
40	0	-1
41	0	-1
42	0	-1
43	0	-1
44	0	-1
45	0	-1
46	0	-1
47	0	-1
48	0	-1
49	0	-1
50	0	-1
51	0	-1
52	0	-1
53	0	-1
54	0	-1
55	0	-1
56	0	-1
57	0	-1
58	0	-1
59	0	-1
60	0	-1
61	0	-1
62	0	-1
63	0	-1
64	0	-1
65	0	-1
66	0	-1
67	0	-1
68	0	-1
69	0	-1
70	0	-1
71	0	-0.666666666666667
72	0	-0.333333333333333
73	0	0
74	0.333333333333333	0
75	0.666666666666667	0
76	1	0
77	1	0
78	1	0
79	1	0
80	1	0
81	1	0
82	1	0
83	1	0
84	1	0
85	1	0
86	1	0
87	1	0
88	1	0
89	1	0
90	1	0
91	1	0
92	1	0
93	1	0
94	1	0
95	1	0
96	1	0
97	1	0
98	1	0
99	1	0
100	1	0
101	1	0
102	1	0
103	1	0
104	1	0
105	1	0
106	1	0
107	1	0
108	0.666666666666667	0
109	0.5	0
110	0.333333333333333	0
111	0.333333333333333	0
112	0.333333333333333	0
113	0.333333333333333	0
114	0.333333333333333	0
115	0.666666666666667	0
116	1	0
117	1	0
118	1	0
119	1	0
120	1	0
121	1	0
122	1	0
123	1	0
124	1	0
125	1	0
126	1	0
127	1	0
128	1	0
129	1	0
130	1	0
131	1	0
132	1	0
133	1	0
134	1	0
135	1	0
136	1	0
137	1	0
138	1	0
139	1	0
140	1	0
141	0.666666666666667	0
142	0.333333333333333	0
143	0.333333333333333	0
144	0	0
145	0	0
146	0	0
147	0	0
148	0	-0.333333333333333
149	0	-0.333333333333333
150	0	-0.333333333333333
151	0	-0.666666666666667
152	0	-0.666666666666667
153	0	-1
154	0	-1
155	0	-0.666666666666667
156	0	-0.333333333333333
157	0	0
158	0.333333333333333	0
159	0.666666666666667	0
160	1	0
161	1	0
162	1	0
163	1	0
164	1	0
165	1	0
166	1	0
167	1	0
168	1	0
169	1	0
170	1	0
171	1	0
172	1	0
173	1	0
174	1	0
175	0.833333333333333	0
176	0.666666666666667	0
177	0.333333333333333	0
178	0	0
179	0	-0.333333333333333
180	0	-0.666666666666667
181	0	-1
182	0	-1
183	0	-1
184	0	-1
185	0	-1
186	0	-1
187	0	-1
188	0	-1
189	0	-1
190	0	-1
191	0	-1
192	0	-1
193	0	-1
194	0	-1
195	0	-1
196	0	-1
197	0	-1
198	0	-1
199	0	-1
200	0	-1
201	0	-1
202	0	-1
203	0	-1
204	0	-1
205	0	-1
206	0	-1
207	0	-1
208	0	-1
209	0	-1
210	0	-0.666666666666667
211	0	-0.5
212	0	-0.333333333333333
213	0	-0.333333333333333
214	0	-0.166666666666667
215	0	0
216	0.333333333333333	0
217	0.5	0
218	0.666666666666667	0
219	0.666666666666667	0
220	0.666666666666667	0
221	0.833333333333333	0
222	1	0
223	1	0
224	1	0
225	1	0
226	1	0
227	1	0
228	1	0
229	1	0
230	1	0
231	1	0
232	1	0
233	1	0
234	1	0
235	1	0
236	0.666666666666667	0
237	0.333333333333333	0
238	0	0
239	0	-0.333333333333333
240	0	-0.666666666666667
241	0	-1
242	0	-1
243	0	-0.666666666666667
244	0	-0.666666666666667
245	0	-0.333333333333333
246	0	0
247	0.333333333333333	0
248	0.666666666666667	0
249	0.833333333333333	0
250	1	0
251	1	0
252	1	0
253	1	0
254	1	0
255	1	0
256	1	0
257	1	0
258	1	0
259	1	0
260	1	0
261	1	0
262	1	0
263	1	0
264	1	0
265	1	0
266	1	0
267	0.666666666666667	0
268	0.5	0
269	0.333333333333333	0
270	0.333333333333333	0
271	0	0
272	0	-0.333333333333333
273	0	-0.333333333333333
274	0	-0.333333333333333
275	0	-0.333333333333333
276	0	0
277	0	0
278	0.333333333333333	0
279	0.666666666666667	0
280	1	0
281	0.833333333333333	0
282	1	0
283	1	0
284	1	0
285	1	0
286	1	0
287	1	0
288	1	0
289	1	0
290	1	0
291	0.666666666666667	0
292	0.333333333333333	0
293	0.333333333333333	0
294	0	0
295	0	-0.166666666666667
296	0	-0.333333333333333
297	0	-0.333333333333333
298	0	-0.166666666666667
299	0	0
300	0.333333333333333	0
301	0.666666666666667	0
302	1	0
303	1	0
304	1	0
305	1	0
306	1	0
307	1	0
308	1	0
309	1	0
310	0.666666666666667	0
311	0.666666666666667	0
312	0.666666666666667	0
313	0.666666666666667	0
314	0.333333333333333	0
315	0.666666666666667	0
316	0.666666666666667	0
317	0.666666666666667	0
318	0.333333333333333	0
319	0.666666666666667	0
320	1	0
321	1	0
322	1	0
323	1	0
324	0.666666666666667	0
325	0.333333333333333	0
326	0	0
327	0	-0.333333333333333
328	0	-0.333333333333333
329	0	-0.333333333333333
330	0	0
331	0.333333333333333	0
332	0.333333333333333	0
333	0.666666666666667	0
334	1	0
335	1	0
336	1	0
337	1	0
338	1	0
339	1	0
340	1	0
341	1	0
342	0.666666666666667	0
343	0.333333333333333	0
344	0.333333333333333	0
345	0	0
346	0	-0.333333333333333
347	0	-0.666666666666667
348	0	-1
349	0	-1
350	0	-1
351	0	-1
352	0	-1
353	0	-1
354	0	-1
355	0	-1
356	0	-1
357	0	-1
358	0	-1
359	0	-1
360	0	-1
361	0	-1
362	0	-1
363	0	-1
364	0	-1
365	0	-0.666666666666667
366	0	-0.5
367	0	-0.333333333333333
368	0	0
369	0.333333333333333	0
370	0.666666666666667	0
371	0.666666666666667	0
372	0.333333333333333	0
373	0	0
374	0	-0.333333333333333
375	0	-0.666666666666667
376	0	-0.833333333333333
377	0	-0.666666666666667
378	0	-0.833333333333333
379	0	-1
380	0	-1
381	0	-1
382	0	-1
383	0	-1
384	0	-1
385	0	-0.666666666666667
386	0	-0.333333333333333
387	0	0
388	0.333333333333333	0
389	0.666666666666667	0
390	1	0
391	0.666666666666667	0
392	0.333333333333333	0
393	0	0
394	0	0
395	0.166666666666667	0
396	0	0
397	0	-0.166666666666667
398	0	-0.333333333333333
399	0	-0.333333333333333
400	0	-0.666666666666667
401	0	-0.666666666666667
402	0	-0.666666666666667
403	0	-0.833333333333333
404	0	-1
405	0	-1
406	0	-1
407	0	-1
408	0	-0.666666666666667
409	0	-0.333333333333333
410	0	0
411	0.333333333333333	0
412	0.666666666666667	0
413	0.833333333333333	0
414	0.666666666666667	0
415	1	0
416	0.666666666666667	0
417	0.666666666666667	0
418	0.666666666666667	0
419	0.333333333333333	0
420	0	0
421	0	-0.333333333333333
422	0	0
423	0	-0.333333333333333
424	0	-0.666666666666667
425	0	-0.666666666666667
426	0	-0.666666666666667
427	0	-0.666666666666667
428	0	-1
429	0	-1
430	0	-1
431	0	-1
432	0	-1
433	0	-1
434	0	-1
435	0	-0.666666666666667
436	0	-0.333333333333333
437	0	0
438	0.333333333333333	0
439	0.666666666666667	0
440	1	0
441	0.666666666666667	0
442	0.5	0
443	0.666666666666667	0
444	1	0
445	1	0
446	1	0
447	1	0
448	0.666666666666667	0
449	0.666666666666667	0
450	0.5	0
451	0.333333333333333	0
452	0.333333333333333	0
453	0.333333333333333	0
454	0.5	0
455	0.333333333333333	0
456	0.333333333333333	0
457	0.166666666666667	0
458	0.5	0
459	0.333333333333333	0
460	0.166666666666667	0
461	0.166666666666667	0
462	0.166666666666667	0
463	0.166666666666667	0
464	0	0
465	0	-0.333333333333333
466	0	-0.666666666666667
467	0	-1
468	0	-1
469	0	-1
470	0	-1
471	0	-1
472	0	-1
473	0	-1
474	0	-1
475	0	-1
476	0	-1
477	0	-1
478	0	-1
479	0	-1
480	0	-1
481	0	-1
482	0	-0.833333333333333
483	0	-0.666666666666667
484	0	-0.5
485	0	-0.333333333333333
486	0	-0.166666666666667
487	0	0
